0 0 0
5 0 0
10 0 0
15 0 0.520739
20 0 0.495392
25 0 0.45336
30 0 0.374577
35 0 0.305155
40 0 0.22291
45 0 0.139985
50 0 0.0964615
55 0 0.056919
60 0 0.0315974
65 0 0.0175395
70 0 0
75 0 0
80 0 0
0 5 0
5 5 0
10 5 0
15 5 0
20 5 0.490161
25 5 0.453143
30 5 0.386224
35 5 0.326081
40 5 0.244451
45 5 0.166419
50 5 0.119252
55 5 0.0817738
60 5 0.0455529
65 5 0.0301351
70 5 0.0115648
75 5 0.00834436
80 5 0.0130817
0 10 0
5 10 0
10 10 0
15 10 0
20 10 0.493452
25 10 0.459544
30 10 0.389588
35 10 0.326794
40 10 0.256566
45 10 0.182855
50 10 0.123488
55 10 0.0891973
60 10 0.054041
65 10 0.034191
70 10 0.0175434
75 10 0.0137533
80 10 0.0163504
0 15 0
5 15 0
10 15 0
15 15 0
20 15 0.487322
25 15 0.465694
30 15 0.388894
35 15 0.330457
40 15 0.2625
45 15 0.193445
50 15 0.145762
55 15 0.0981187
60 15 0.0636369
65 15 0.0419586
70 15 0.0242763
75 15 0.0193437
80 15 0.0239673
0 20 0
5 20 0
10 20 0
15 20 0
20 20 0.48819
25 20 0.46721
30 20 0.389681
35 20 0.335021
40 20 0.26759
45 20 0.208541
50 20 0.167266
55 20 0.116823
60 20 0.0788931
65 20 0.0558096
70 20 0.0397694
75 20 0.0290837
80 20 0.0337623
0 25 0
5 25 0
10 25 0
15 25 0
20 25 0.483262
25 25 0.463854
30 25 0.394006
35 25 0.331234
40 25 0.280544
45 25 0.223513
50 25 0.184476
55 25 0.135273
60 25 0.0857375
65 25 0.0750949
70 25 0.0580869
75 25 0.0428853
80 25 0.0470449
0 30 0
5 30 0
10 30 0
15 30 0
20 30 0.478695
25 30 0.464758
30 30 0.402504
35 30 0.329783
40 30 0.291524
45 30 0.244704
50 30 0.197515
55 30 0.158444
60 30 0.115312
65 30 0.0915686
70 30 0.084808
75 30 0.0799341
80 30 0.0625774
0 35 0
5 35 0
10 35 0
15 35 0
20 35 0.477432
25 35 0.473424
30 35 0.417272
35 35 0.33609
40 35 0.297966
45 35 0.265158
50 35 0.224347
55 35 0.17331
60 35 0.140791
65 35 0.128514
70 35 0.107973
75 35 0.111332
80 35 0.125265
0 40 0
5 40 0
10 40 0
15 40 0
20 40 0.466421
25 40 0.46719
30 40 0.428081
35 40 0.343464
40 40 0.297057
45 40 0.278762
50 40 0.239452
55 40 0.206294
60 40 0.16806
65 40 0.164626
70 40 0.155584
75 40 0.135499
80 40 0.138983
0 45 0
5 45 0
10 45 0
15 45 0
20 45 0.456206
25 45 0.461558
30 45 0.435268
35 45 0.360207
40 45 0.310686
45 45 0.274406
50 45 0.272897
55 45 0.24601
60 45 0.208489
65 45 0.210547
70 45 0.187102
75 45 0.183111
80 45 0.180955
0 50 0
5 50 0
10 50 0
15 50 0
20 50 0
25 50 0.451837
30 50 0.433903
35 50 0.377645
40 50 0.312602
45 50 0.272583
50 50 0.274147
55 50 0.275281
60 50 0.248331
65 50 0.257141
70 50 0.253672
75 50 0.224233
80 50 0.231213
0 55 0
5 55 0
10 55 0
15 55 0
20 55 0
25 55 0.434975
30 55 0.425007
35 55 0.38676
40 55 0.318256
45 55 0.280716
50 55 0.27445
55 55 0.280957
60 55 0.270495
65 55 0.284251
70 55 0.297337
75 55 0.304436
80 55 0.308068
0 60 0
5 60 0
10 60 0
15 60 0
20 60 0
25 60 0.422403
30 60 0.41115
35 60 0.391854
40 60 0.337616
45 60 0.286865
50 60 0.28657
55 60 0.284357
60 60 0.286919
65 60 0.296828
70 60 0.330611
75 60 0.365347
80 60 0.388111
0 65 0
5 65 0
10 65 0
15 65 0
20 65 0
25 65 0.41645
30 65 0.396712
35 65 0.37457
40 65 0.340463
45 65 0.307344
50 65 0.29219
55 65 0.283858
60 65 0.290162
65 65 0.342747
70 65 0.377272
75 65 0.406143
80 65 0.473721
0 70 0
5 70 0
10 70 0
15 70 0
20 70 0
25 70 0.411904
30 70 0.389125
35 70 0.361186
40 70 0.33613
45 70 0.320883
50 70 0.313929
55 70 0.303532
60 70 0.284061
65 70 0.322491
70 70 0.362857
75 70 0.43461
80 70 0.53476
0 75 0
5 75 0
10 75 0
15 75 0
20 75 0
25 75 0.398125
30 75 0.386233
35 75 0.350974
40 75 0.311159
45 75 0.294046
50 75 0.303918
55 75 0.294015
60 75 0.275718
65 75 0.319973
70 75 0.341848
75 75 0.394621
80 75 0.424784
0 80 0
5 80 0
10 80 0
15 80 0
20 80 0
25 80 0.383553
30 80 0.363372
35 80 0.326523
40 80 0.282995
45 80 0.258901
50 80 0.259959
55 80 0.250334
60 80 0.231875
65 80 0.266135
70 80 0.296783
75 80 0.333362
80 80 0.356168
0 85 0
5 85 0
10 85 0
15 85 0
20 85 0
25 85 0.361448
30 85 0.333518
35 85 0.297089
40 85 0.249387
45 85 0.222433
50 85 0.210863
55 85 0.194957
60 85 0.177499
65 85 0.178699
70 85 0.184383
75 85 0.183639
80 85 0.17994
0 90 0
5 90 0
10 90 0
15 90 0
20 90 0
25 90 0.339278
30 90 0.309771
35 90 0.274159
40 90 0.222369
45 90 0.181135
50 90 0.159264
55 90 0.13603
60 90 0.116099
65 90 0.118529
70 90 0.126763
75 90 0.103816
80 90 0.0835788
0 95 0
5 95 0
10 95 0
15 95 0
20 95 0
25 95 0.370603
30 95 0.324252
35 95 0.282726
40 95 0.22955
45 95 0.181556
50 95 0.137291
55 95 0.11628
60 95 0.09597
65 95 0.0829343
70 95 0.0697083
75 95 0.0582091
80 95 0.0422109
0 100 0
5 100 0
10 100 0
15 100 0
20 100 0
25 100 0.341086
30 100 0.287983
35 100 0.237542
40 100 0.17801
45 100 0.128832
50 100 0.0964465
55 100 0.0769367
60 100 0.0450029
65 100 0.0324104
70 100 0.0224908
75 100 0.0155405
80 100 0.0058957
0 105 0
5 105 0
10 105 0
15 105 0
20 105 0
25 105 0.313989
30 105 0.253951
35 105 0.197385
40 105 0.140354
45 105 0.0881206
50 105 0.0525184
55 105 0.0288999
60 105 0.0110696
65 105 0.00310071
70 105 0
75 105 0
80 105 0
0 110 0
5 110 0
10 110 0
15 110 0
20 110 0
25 110 0.289451
30 110 0.225599
35 110 0.157899
40 110 0.0997522
45 110 0.0502869
50 110 0.018515
55 110 0.00299443
60 110 0
65 110 0
70 110 0
75 110 0
80 110 0
0 115 0
5 115 0
10 115 0
15 115 0
20 115 0
25 115 0.266888
30 115 0.194091
35 115 0.117612
40 115 0.0643335
45 115 0.0201392
50 115 0
55 115 0
60 115 0
65 115 0
70 115 0
75 115 0
80 115 0
0 120 0
5 120 0
10 120 0
15 120 0
20 120 0
25 120 0.242048
30 120 0.15944
35 120 0.0857649
40 120 0.0334282
45 120 0
50 120 0
55 120 0
60 120 0
65 120 0
70 120 0
75 120 0
80 120 0
0 125 0
5 125 0
10 125 0
15 125 0
20 125 0
25 125 0.21996
30 125 0.133482
35 125 0.0551825
40 125 0.0103838
45 125 0
50 125 0
55 125 0
60 125 0
65 125 0
70 125 0
75 125 0
80 125 0
0 130 0
5 130 0
10 130 0
15 130 0
20 130 0
25 130 0.200607
30 130 0.103674
35 130 0.031276
40 130 0
45 130 0
50 130 0
55 130 0
60 130 0
65 130 0
70 130 0
75 130 0
80 130 0
0 135 0
5 135 0
10 135 0
15 135 0
20 135 0.283726
25 135 0.183846
30 135 0.0756735
35 135 0.0155379
40 135 0
45 135 0
50 135 0
55 135 0
60 135 0
65 135 0
70 135 0
75 135 0
80 135 0
0 140 0
5 140 0
10 140 0
15 140 0
20 140 0.273936
25 140 0.159552
30 140 0.0587415
35 140 0.00632315
40 140 0
45 140 0
50 140 0
55 140 0
60 140 0
65 140 0
70 140 0
75 140 0
80 140 0
0 145 0
5 145 0
10 145 0
15 145 0
20 145 0.269314
25 145 0.142875
30 145 0.0502913
35 145 0
40 145 0
45 145 0
50 145 0
55 145 0
60 145 0
65 145 0
70 145 0
75 145 0
80 145 0
0 150 0
5 150 0
10 150 0
15 150 0
20 150 0.267756
25 150 0.129234
30 150 0.0436652
35 150 0
40 150 0
45 150 0
50 150 0
55 150 0
60 150 0
65 150 0
70 150 0
75 150 0
80 150 0
0 155 0
5 155 0
10 155 0
15 155 0
20 155 0.25835
25 155 0.127042
30 155 0.0394349
35 155 0
40 155 0
45 155 0
50 155 0
55 155 0
60 155 0
65 155 0
70 155 0
75 155 0
80 155 0
0 160 0
5 160 0
10 160 0
15 160 0
20 160 0.252019
25 160 0.124491
30 160 0.0356537
35 160 0
40 160 0
45 160 0
50 160 0
55 160 0
60 160 0
65 160 0
70 160 0
75 160 0
80 160 0
0 165 0
5 165 0
10 165 0
15 165 0
20 165 0.250297
25 165 0.123325
30 165 0.0346221
35 165 0
40 165 0
45 165 0
50 165 0
55 165 0
60 165 0
65 165 0
70 165 0
75 165 0
80 165 0
0 170 0
5 170 0
10 170 0
15 170 0
20 170 0.252499
25 170 0.118901
30 170 0.0366058
35 170 0
40 170 0
45 170 0
50 170 0
55 170 0
60 170 0
65 170 0
70 170 0
75 170 0
80 170 0
0 175 0
5 175 0
10 175 0
15 175 0
20 175 0.255776
25 175 0.119747
30 175 0.0372386
35 175 0
40 175 0
45 175 0
50 175 0
55 175 0
60 175 0
65 175 0
70 175 0
75 175 0
80 175 0
0 180 0
5 180 0
10 180 0
15 180 0
20 180 0.256387
25 180 0.125771
30 180 0.0413478
35 180 0
40 180 0
45 180 0
50 180 0
55 180 0
60 180 0
65 180 0
70 180 0
75 180 0
80 180 0
0 185 0
5 185 0
10 185 0
15 185 0
20 185 0.262098
25 185 0.130386
30 185 0.0207167
35 185 0
40 185 0
45 185 0
50 185 0
55 185 0
60 185 0
65 185 0
70 185 0
75 185 0
80 185 0
0 190 0
5 190 0
10 190 0
15 190 0
20 190 0.244839
25 190 0.105788
30 190 0.021299
35 190 0
40 190 0
45 190 0
50 190 0
55 190 0
60 190 0
65 190 0
70 190 0
75 190 0
80 190 0
0 195 0
5 195 0
10 195 0
15 195 0
20 195 0.246006
25 195 0.112418
30 195 0.0247335
35 195 0
40 195 0
45 195 0
50 195 0
55 195 0
60 195 0
65 195 0
70 195 0
75 195 0
80 195 0
0 200 0
5 200 0
10 200 0
15 200 0
20 200 0.24683
25 200 0.13405
30 200 0.0300242
35 200 0
40 200 0
45 200 0
50 200 0
55 200 0
60 200 0
65 200 0
70 200 0
75 200 0
80 200 0
0 205 0
5 205 0
10 205 0
15 205 0
20 205 0.246904
25 205 0.155273
30 205 0.0425972
35 205 0
40 205 0
45 205 0
50 205 0
55 205 0
60 205 0
65 205 0
70 205 0
75 205 0
80 205 0
0 210 0
5 210 0
10 210 0
15 210 0
20 210 0.250796
25 210 0.173965
30 210 0.0609002
35 210 0
40 210 0
45 210 0
50 210 0
55 210 0
60 210 0
65 210 0
70 210 0
75 210 0
80 210 0
0 215 0
5 215 0
10 215 0
15 215 0
20 215 0.259103
25 215 0.189318
30 215 0.0853355
35 215 0.0144612
40 215 0
45 215 0
50 215 0
55 215 0
60 215 0
65 215 0
70 215 0
75 215 0
80 215 0
0 220 0
5 220 0
10 220 0
15 220 0
20 220 0.275332
25 220 0.206522
30 220 0.11899
35 220 0.0343599
40 220 0
45 220 0
50 220 0
55 220 0
60 220 0
65 220 0
70 220 0
75 220 0
80 220 0
0 225 0
5 225 0
10 225 0
15 225 0
20 225 0.289794
25 225 0.223443
30 225 0.151285
35 225 0.06697
40 225 0.00810882
45 225 0
50 225 0
55 225 0
60 225 0
65 225 0
70 225 0
75 225 0
80 225 0
0 230 0
5 230 0
10 230 0
15 230 0
20 230 0.306646
25 230 0.243508
30 230 0.177877
35 230 0.106445
40 230 0.0340667
45 230 0.00480925
50 230 0
55 230 0
60 230 0
65 230 0
70 230 0
75 230 0
80 230 0
0 235 0
5 235 0
10 235 0
15 235 0
20 235 0
25 235 0.270485
30 235 0.20648
35 235 0.138369
40 235 0.0773196
45 235 0.0345367
50 235 0.0150185
55 235 0.00516362
60 235 0
65 235 0
70 235 0
75 235 0
80 235 0
0 240 0
5 240 0
10 240 0
15 240 0
20 240 0
25 240 0.290256
30 240 0.239436
35 240 0.182263
40 240 0.130983
45 240 0.0875783
50 240 0.0545348
55 240 0.0357467
60 240 0.0232469
65 240 0.0219154
70 240 0.00475454
75 240 0
80 240 0
0 245 0
5 245 0
10 245 0
15 245 0
20 245 0
25 245 0.303659
30 245 0.258058
35 245 0.210088
40 245 0.175085
45 245 0.146454
50 245 0.107298
55 245 0.079991
60 245 0.057934
65 245 0.0546854
70 245 0.0403952
75 245 0.0211671
80 245 0.0197062
0 250 0
5 250 0
10 250 0
15 250 0
20 250 0
25 250 0.321589
30 250 0.284111
35 250 0.239873
40 250 0.203122
45 250 0.193321
50 250 0.171604
55 250 0.157281
60 250 0.12498
65 250 0.116696
70 250 0.107489
75 250 0.0893425
80 250 0.0830569
0 255 0
5 255 0
10 255 0
15 255 0
20 255 0
25 255 0.347276
30 255 0.309147
35 255 0.27267
40 255 0.247146
45 255 0.236965
50 255 0.232532
55 255 0.229956
60 255 0.195151
65 255 0.200467
70 255 0.205693
75 255 0.206825
80 255 0.215852
0 260 0
5 260 0
10 260 0
15 260 0
20 260 0
25 260 0.367431
30 260 0.333855
35 260 0.30488
40 260 0.268032
45 260 0.254414
50 260 0.2635
55 260 0.266416
60 260 0.266807
65 260 0.305174
70 260 0.33582
75 260 0.341758
80 260 0.371758
0 265 0
5 265 0
10 265 0
15 265 0
20 265 0
25 265 0.380615
30 265 0.344165
35 265 0.312819
40 265 0.281853
45 265 0.269634
50 265 0.268235
55 265 0.262956
60 265 0.261438
65 265 0.30592
70 265 0.338335
75 265 0.372008
80 265 0.469556
0 270 0
5 270 0
10 270 0
15 270 0
20 270 0
25 270 0.384767
30 270 0.34551
35 270 0.32887
40 270 0.302111
45 270 0.305273
50 270 0.2986
55 270 0.28223
60 270 0.263146
65 270 0.29513
70 270 0.320601
75 270 0.39741
80 270 0.406787
0 275 0
5 275 0
10 275 0
15 275 0
20 275 0
25 275 0.394733
30 275 0.363404
35 275 0.342292
40 275 0.324835
45 275 0.33995
50 275 0.316911
55 275 0.30821
60 275 0.309502
65 275 0.343688
70 275 0.383151
75 275 0.462488
80 275 0.527245
0 280 0
5 280 0
10 280 0
15 280 0
20 280 0
25 280 0.4025
30 280 0.378194
35 280 0.361935
40 280 0.336236
45 280 0.33773
50 280 0.315569
55 280 0.306581
60 280 0.295754
65 280 0.331577
70 280 0.384297
75 280 0.4517
80 280 0.475075
0 285 0
5 285 0
10 285 0
15 285 0
20 285 0
25 285 0.415652
30 285 0.39761
35 285 0.368615
40 285 0.3372
45 285 0.322011
50 285 0.327995
55 285 0.317969
60 285 0.300173
65 285 0.334393
70 285 0.395919
75 285 0.457484
80 285 0.430019
0 290 0
5 290 0
10 290 0
15 290 0
20 290 0
25 290 0.423962
30 290 0.405238
35 290 0.367072
40 290 0.331907
45 290 0.324877
50 290 0.314988
55 290 0.286751
60 290 0.279372
65 290 0.30414
70 290 0.330916
75 290 0.344367
80 290 0.375438
0 295 0
5 295 0
10 295 0
15 295 0
20 295 0
25 295 0.425487
30 295 0.400351
35 295 0.379346
40 295 0.329008
45 295 0.315697
50 295 0.290498
55 295 0.272895
60 295 0.246984
65 295 0.257885
70 295 0.275583
75 295 0.291481
80 295 0.32884
0 300 0
5 300 0
10 300 0
15 300 0
20 300 0
25 300 0.426519
30 300 0.407666
35 300 0.380338
40 300 0.323001
45 300 0.290067
50 300 0.275467
55 300 0.261642
60 300 0.226539
65 300 0.238209
70 300 0.255182
75 300 0.254847
80 300 0.224075
0 305 0
5 305 0
10 305 0
15 305 0
20 305 0
25 305 0.429343
30 305 0.420119
35 305 0.364968
40 305 0.319234
45 305 0.284337
50 305 0.265742
55 305 0.236999
60 305 0.215328
65 305 0.21455
70 305 0.225269
75 305 0.178102
80 305 0.138458
0 310 0
5 310 0
10 310 0
15 310 0
20 310 0
25 310 0.443238
30 310 0.412138
35 310 0.35373
40 310 0.319696
45 310 0.276182
50 310 0.248309
55 310 0.214356
60 310 0.189151
65 310 0.175148
70 310 0.149224
75 310 0.110341
80 310 0.0862078
0 315 0
5 315 0
10 315 0
15 315 0
20 315 0
25 315 0.45269
30 315 0.404287
35 315 0.358231
40 315 0.303599
45 315 0.262729
50 315 0.227392
55 315 0.184686
60 315 0.147027
65 315 0.129928
70 315 0.097195
75 315 0.0719498
80 315 0.065457
0 320 0
5 320 0
10 320 0
15 320 0
20 320 0.477181
25 320 0.45951
30 320 0.398084
35 320 0.353656
40 320 0.28401
45 320 0.238125
50 320 0.19131
55 320 0.164936
60 320 0.124168
65 320 0.0969
70 320 0.0734379
75 320 0.0528996
80 320 0.0510502
0 325 0
5 325 0
10 325 0
15 325 0
20 325 0.480894
25 325 0.469638
30 325 0.390045
35 325 0.347656
40 325 0.272458
45 325 0.216247
50 325 0.167832
55 325 0.138447
60 325 0.0934442
65 325 0.0731464
70 325 0.0546685
75 325 0.0406715
80 325 0.0394511
0 330 0
5 330 0
10 330 0
15 330 0
20 330 0.482024
25 330 0.470366
30 330 0.395208
35 330 0.341209
40 330 0.26423
45 330 0.191374
50 330 0.149275
55 330 0.114186
60 330 0.0781995
65 330 0.0542035
70 330 0.0403021
75 330 0.027143
80 330 0.0277602
0 335 0
5 335 0
10 335 0
15 335 0
20 335 0.485547
25 335 0.464493
30 335 0.399904
35 335 0.335692
40 335 0.256857
45 335 0.178129
50 335 0.136186
55 335 0.098557
60 335 0.0601683
65 335 0.0556051
70 335 0.0323971
75 335 0.0176385
80 335 0.0207645
0 340 0
5 340 0
10 340 0
15 340 0
20 340 0.489739
25 340 0.456332
30 340 0.400181
35 340 0.331836
40 340 0.252404
45 340 0.168125
50 340 0.128357
55 340 0.0848701
60 340 0.0538903
65 340 0.0451332
70 340 0.022922
75 340 0.0105686
80 340 0.0124851
0 345 0
5 345 0
10 345 0
15 345 0
20 345 0.499585
25 345 0.458401
30 345 0.40027
35 345 0.325768
40 345 0.243691
45 345 0.167566
50 345 0.122082
55 345 0.078626
60 345 0.0498497
65 345 0.035013
70 345 0.0128528
75 345 0.00532515
80 345 0.00777921
0 350 0
5 350 0
10 350 0
15 350 0
20 350 0.507009
25 350 0.461484
30 350 0.399678
35 350 0.32348
40 350 0.237302
45 350 0.161109
50 350 0.115574
55 350 0.073018
60 350 0.0460308
65 350 0.0273739
70 350 0.00850099
75 350 0.000270806
80 350 0.00516746
0 355 0
5 355 0
10 355 0
15 355 0
20 355 0.510078
25 355 0.463457
30 355 0.39283
35 355 0.319508
40 355 0.228967
45 355 0.15582
50 355 0.113306
55 355 0.0679249
60 355 0.0452733
65 355 0.0243276
70 355 0.00533665
75 355 0
80 355 0.00308283
