0 0 0
5 0 0
10 0 0
15 0 2.10664
20 0 2.02147
25 0 1.87019
30 0 1.56533
35 0 1.29421
40 0 0.96095
45 0 0.614112
50 0 0.430941
55 0 0.25899
60 0 0.146354
65 0 0.0698071
70 0 0
75 0 0
80 0 0
0 5 0
5 5 0
10 5 0
15 5 0
20 5 2.00013
25 5 1.86929
30 5 1.614
35 5 1.38296
40 5 1.05381
45 5 0.730075
50 5 0.532758
55 5 0.372083
60 5 0.210994
65 5 0.119937
70 5 0.0377821
75 5 0.0208547
80 5 0.0220755
0 10 0
5 10 0
10 10 0
15 10 0
20 10 2.01356
25 10 1.8957
30 10 1.62806
35 10 1.38598
40 10 1.10604
45 10 0.802179
50 10 0.55168
55 10 0.405861
60 10 0.25031
65 10 0.13608
70 10 0.0573142
75 10 0.0343731
80 10 0.0275914
0 15 0
5 15 0
10 15 0
15 15 0
20 15 1.98854
25 15 1.92107
30 15 1.62516
35 15 1.40152
40 15 1.13162
45 15 0.84864
50 15 0.651193
55 15 0.446455
60 15 0.294756
65 15 0.166995
70 15 0.0793107
75 15 0.0483451
80 15 0.0404449
0 20 0
5 20 0
10 20 0
15 20 0
20 20 1.99208
25 20 1.92732
30 20 1.62845
35 20 1.42088
40 20 1.15356
45 20 0.914863
50 20 0.747262
55 20 0.531563
60 20 0.365421
65 20 0.222122
70 20 0.129927
75 20 0.0726877
80 20 0.0569739
0 25 0
5 25 0
10 25 0
15 25 0
20 25 1.97198
25 25 1.91348
30 25 1.64652
35 25 1.40481
40 25 1.2094
45 25 0.980547
50 25 0.824146
55 25 0.615511
60 25 0.397123
65 25 0.298877
70 25 0.18977
75 25 0.107182
80 25 0.0793883
0 30 0
5 30 0
10 30 0
15 30 0
20 30 1.95334
25 30 1.91721
30 30 1.68203
35 30 1.39866
40 30 1.25674
45 30 1.07351
50 30 0.882395
55 30 0.720945
60 30 0.534108
65 30 0.364442
70 30 0.277068
75 30 0.199776
80 30 0.105599
0 35 0
5 35 0
10 35 0
15 35 0
20 35 1.94819
25 35 1.95296
30 35 1.74375
35 35 1.42541
40 35 1.28451
45 35 1.16324
50 35 1.00227
55 35 0.788584
60 35 0.652121
65 35 0.511484
70 35 0.352748
75 35 0.278248
80 35 0.211385
0 40 0
5 40 0
10 40 0
15 40 0
20 40 1.90326
25 40 1.92724
30 40 1.78892
35 40 1.45668
40 40 1.28059
45 40 1.22292
50 40 1.06975
55 40 0.93867
60 40 0.778427
65 40 0.655208
70 40 0.508292
75 40 0.338647
80 40 0.234534
0 45 0
5 45 0
10 45 0
15 45 0
20 45 1.86157
25 45 1.90401
30 45 1.81895
35 45 1.52769
40 45 1.33935
45 45 1.20381
50 45 1.21917
55 45 1.11938
60 45 0.965689
65 45 0.837974
70 45 0.611261
75 45 0.457641
80 45 0.305362
0 50 0
5 50 0
10 50 0
15 50 0
20 50 0
25 50 1.86391
30 50 1.81325
35 50 1.60165
40 50 1.34761
45 50 1.19581
50 50 1.22475
55 50 1.25257
60 50 1.15023
65 50 1.02342
70 50 0.828747
75 50 0.560416
80 50 0.390172
0 55 0
5 55 0
10 55 0
15 55 0
20 55 0
25 55 1.79435
30 55 1.77608
35 55 1.64031
40 55 1.37198
45 55 1.23149
50 55 1.2261
55 55 1.27839
60 55 1.25289
65 55 1.13132
70 55 0.9714
75 55 0.760864
80 55 0.519866
0 60 0
5 60 0
10 60 0
15 60 0
20 60 0
25 60 1.74249
30 60 1.71816
35 60 1.66191
40 60 1.45544
45 60 1.25847
50 60 1.28025
55 60 1.29386
60 60 1.32897
65 60 1.18137
70 60 1.08011
75 60 0.913096
80 60 0.654938
0 65 0
5 65 0
10 65 0
15 65 0
20 65 0
25 65 1.71793
30 65 1.65783
35 65 1.58861
40 65 1.46771
45 65 1.34831
50 65 1.30536
55 65 1.29159
60 65 1.34399
65 65 1.36413
70 65 1.23255
75 65 1.01506
80 65 0.799405
0 70 0
5 70 0
10 70 0
15 70 0
20 70 0
25 70 1.69918
30 70 1.62612
35 70 1.53185
40 70 1.44903
45 70 1.4077
50 70 1.40248
55 70 1.38111
60 70 1.31573
65 70 1.28351
70 70 1.18545
75 70 1.0862
80 70 0.902408
0 75 0
5 75 0
10 75 0
15 75 0
20 75 0
25 75 1.64234
30 75 1.61404
35 75 1.48854
40 75 1.34139
45 75 1.28997
50 75 1.35775
55 75 1.33781
60 75 1.27708
65 75 1.27349
70 75 1.11682
75 75 0.986261
80 75 0.716823
0 80 0
5 80 0
10 80 0
15 80 0
20 80 0
25 80 1.58222
30 80 1.5185
35 80 1.38483
40 80 1.21997
45 80 1.13579
50 80 1.16136
55 80 1.13906
60 80 1.07401
65 80 1.05921
70 80 0.96959
75 80 0.833159
80 80 0.601033
0 85 0
5 85 0
10 85 0
15 85 0
20 85 0
25 85 1.49104
30 85 1.39375
35 85 1.26
40 85 1.07509
45 85 0.975807
50 85 0.942028
55 85 0.887084
60 85 0.822147
65 85 0.711219
70 85 0.60238
75 85 0.458962
80 85 0.303648
0 90 0
5 90 0
10 90 0
15 90 0
20 90 0
25 90 1.39958
30 90 1.29451
35 90 1.16275
40 90 0.958618
45 90 0.794635
50 90 0.711509
55 90 0.618955
60 90 0.537754
65 90 0.471745
70 90 0.414136
75 90 0.259462
80 90 0.141039
0 95 0
5 95 0
10 95 0
15 95 0
20 95 0
25 95 1.5288
30 95 1.35503
35 95 1.19908
40 95 0.989576
45 95 0.79648
50 95 0.613346
55 95 0.529091
60 95 0.444519
65 95 0.330077
70 95 0.227737
75 95 0.14548
80 95 0.0712309
0 100 0
5 100 0
10 100 0
15 100 0
20 100 0
25 100 1.40704
30 100 1.20346
35 100 1.00745
40 100 0.767388
45 100 0.565184
50 100 0.430874
55 100 0.350073
60 100 0.208447
65 100 0.128993
70 100 0.0734775
75 100 0.0388397
80 100 0.00994901
0 105 0
5 105 0
10 105 0
15 105 0
20 105 0
25 105 1.29526
30 105 1.06124
35 105 0.837141
40 105 0.605058
45 105 0.386583
50 105 0.234626
55 105 0.131499
60 105 0.0512728
65 105 0.0123408
70 105 0
75 105 0
80 105 0
0 110 0
5 110 0
10 110 0
15 110 0
20 110 0
25 110 1.19403
30 110 0.942764
35 110 0.669675
40 110 0.430025
45 110 0.220607
50 110 0.0827155
55 110 0.0136251
60 110 0
65 110 0
70 110 0
75 110 0
80 110 0
0 115 0
5 115 0
10 115 0
15 115 0
20 115 0
25 115 1.10096
30 115 0.811094
35 115 0.49881
40 115 0.277337
45 115 0.0883501
50 115 0
55 115 0
60 115 0
65 115 0
70 115 0
75 115 0
80 115 0
0 120 0
5 120 0
10 120 0
15 120 0
20 120 0
25 120 0.998491
30 120 0.666289
35 120 0.363742
40 120 0.144107
45 120 0
50 120 0
55 120 0
60 120 0
65 120 0
70 120 0
75 120 0
80 120 0
0 125 0
5 125 0
10 125 0
15 125 0
20 125 0
25 125 0.907376
30 125 0.557809
35 125 0.234037
40 125 0.044764
45 125 0
50 125 0
55 125 0
60 125 0
65 125 0
70 125 0
75 125 0
80 125 0
0 130 0
5 130 0
10 130 0
15 130 0
20 130 0
25 130 0.827541
30 130 0.433248
35 130 0.132646
40 130 0
45 130 0
50 130 0
55 130 0
60 130 0
65 130 0
70 130 0
75 130 0
80 130 0
0 135 0
5 135 0
10 135 0
15 135 0
20 135 1.15776
25 135 0.758396
30 135 0.316234
35 135 0.0658988
40 135 0
45 135 0
50 135 0
55 135 0
60 135 0
65 135 0
70 135 0
75 135 0
80 135 0
0 140 0
5 140 0
10 140 0
15 140 0
20 140 1.11781
25 140 0.658181
30 140 0.245477
35 140 0.0268175
40 140 0
45 140 0
50 140 0
55 140 0
60 140 0
65 140 0
70 140 0
75 140 0
80 140 0
0 145 0
5 145 0
10 145 0
15 145 0
20 145 1.09895
25 145 0.589384
30 145 0.210164
35 145 0
40 145 0
45 145 0
50 145 0
55 145 0
60 145 0
65 145 0
70 145 0
75 145 0
80 145 0
0 150 0
5 150 0
10 150 0
15 150 0
20 150 1.09259
25 150 0.533112
30 150 0.182474
35 150 0
40 150 0
45 150 0
50 150 0
55 150 0
60 150 0
65 150 0
70 150 0
75 150 0
80 150 0
0 155 0
5 155 0
10 155 0
15 155 0
20 155 1.05421
25 155 0.524072
30 155 0.164796
35 155 0
40 155 0
45 155 0
50 155 0
55 155 0
60 155 0
65 155 0
70 155 0
75 155 0
80 155 0
0 160 0
5 160 0
10 160 0
15 160 0
20 160 1.02838
25 160 0.513549
30 160 0.148994
35 160 0
40 160 0
45 160 0
50 160 0
55 160 0
60 160 0
65 160 0
70 160 0
75 160 0
80 160 0
0 165 0
5 165 0
10 165 0
15 165 0
20 165 1.02135
25 165 0.508739
30 165 0.144683
35 165 0
40 165 0
45 165 0
50 165 0
55 165 0
60 165 0
65 165 0
70 165 0
75 165 0
80 165 0
0 170 0
5 170 0
10 170 0
15 170 0
20 170 1.03034
25 170 0.490489
30 170 0.152973
35 170 0
40 170 0
45 170 0
50 170 0
55 170 0
60 170 0
65 170 0
70 170 0
75 170 0
80 170 0
0 175 0
5 175 0
10 175 0
15 175 0
20 175 1.04371
25 175 0.493979
30 175 0.155617
35 175 0
40 175 0
45 175 0
50 175 0
55 175 0
60 175 0
65 175 0
70 175 0
75 175 0
80 175 0
0 180 0
5 180 0
10 180 0
15 180 0
20 180 1.0462
25 180 0.518827
30 180 0.172789
35 180 0
40 180 0
45 180 0
50 180 0
55 180 0
60 180 0
65 180 0
70 180 0
75 180 0
80 180 0
0 185 0
5 185 0
10 185 0
15 185 0
20 185 1.0695
25 185 0.537864
30 185 0.0865735
35 185 0
40 185 0
45 185 0
50 185 0
55 185 0
60 185 0
65 185 0
70 185 0
75 185 0
80 185 0
0 190 0
5 190 0
10 190 0
15 190 0
20 190 0.99908
25 190 0.436393
30 190 0.0890071
35 190 0
40 190 0
45 190 0
50 190 0
55 190 0
60 190 0
65 190 0
70 190 0
75 190 0
80 190 0
0 195 0
5 195 0
10 195 0
15 195 0
20 195 1.00384
25 195 0.463746
30 195 0.10336
35 195 0
40 195 0
45 195 0
50 195 0
55 195 0
60 195 0
65 195 0
70 195 0
75 195 0
80 195 0
0 200 0
5 200 0
10 200 0
15 200 0
20 200 1.0072
25 200 0.55298
30 200 0.125469
35 200 0
40 200 0
45 200 0
50 200 0
55 200 0
60 200 0
65 200 0
70 200 0
75 200 0
80 200 0
0 205 0
5 205 0
10 205 0
15 205 0
20 205 1.0075
25 205 0.640528
30 205 0.178011
35 205 0
40 205 0
45 205 0
50 205 0
55 205 0
60 205 0
65 205 0
70 205 0
75 205 0
80 205 0
0 210 0
5 210 0
10 210 0
15 210 0
20 210 1.02339
25 210 0.717637
30 210 0.254498
35 210 0
40 210 0
45 210 0
50 210 0
55 210 0
60 210 0
65 210 0
70 210 0
75 210 0
80 210 0
0 215 0
5 215 0
10 215 0
15 215 0
20 215 1.05728
25 215 0.780969
30 215 0.356611
35 215 0.0613322
40 215 0
45 215 0
50 215 0
55 215 0
60 215 0
65 215 0
70 215 0
75 215 0
80 215 0
0 220 0
5 220 0
10 220 0
15 220 0
20 220 1.12351
25 220 0.851939
30 220 0.497252
35 220 0.145726
40 220 0
45 220 0
50 220 0
55 220 0
60 220 0
65 220 0
70 220 0
75 220 0
80 220 0
0 225 0
5 225 0
10 225 0
15 225 0
20 225 1.18252
25 225 0.921741
30 225 0.632211
35 225 0.28403
40 225 0.0349566
45 225 0
50 225 0
55 225 0
60 225 0
65 225 0
70 225 0
75 225 0
80 225 0
0 230 0
5 230 0
10 230 0
15 230 0
20 230 1.25129
25 230 1.00451
30 230 0.743335
35 230 0.451449
40 230 0.146859
45 230 0.0210981
50 230 0
55 230 0
60 230 0
65 230 0
70 230 0
75 230 0
80 230 0
0 235 0
5 235 0
10 235 0
15 235 0
20 235 0
25 235 1.1158
30 235 0.862864
35 235 0.586843
40 235 0.33332
45 235 0.151512
50 235 0.0670951
55 235 0.0234952
60 235 0
65 235 0
70 235 0
75 235 0
80 235 0
0 240 0
5 240 0
10 240 0
15 240 0
20 240 0
25 240 1.19736
30 240 1.00058
35 240 0.773005
40 240 0.564657
45 240 0.384204
50 240 0.243634
55 240 0.162653
60 240 0.107676
65 240 0.0872232
70 240 0.0155331
75 240 0
80 240 0
0 245 0
5 245 0
10 245 0
15 245 0
20 245 0
25 245 1.25265
30 245 1.0784
35 245 0.891015
40 245 0.754782
45 245 0.642488
50 245 0.479354
55 245 0.363971
60 245 0.268342
65 245 0.217647
70 245 0.131971
75 245 0.0529022
80 245 0.0332542
0 250 0
5 250 0
10 250 0
15 250 0
20 250 0
25 250 1.32661
30 250 1.18728
35 250 1.01734
40 250 0.875645
45 250 0.848095
50 250 0.766639
55 250 0.715651
60 250 0.57889
65 250 0.464447
70 250 0.351166
75 250 0.22329
80 250 0.140159
0 255 0
5 255 0
10 255 0
15 255 0
20 255 0
25 255 1.43258
30 255 1.2919
35 255 1.15644
40 255 1.06543
45 255 1.03956
50 255 1.03883
55 255 1.04633
60 255 0.903909
65 255 0.797854
70 255 0.671999
75 255 0.516909
80 255 0.36425
0 260 0
5 260 0
10 260 0
15 260 0
20 260 0
25 260 1.51572
30 260 1.39515
35 260 1.29305
40 260 1.15547
45 260 1.11611
50 260 1.17719
55 260 1.21223
60 260 1.23581
65 260 1.21459
70 260 1.09712
75 260 0.854143
80 260 0.627342
0 265 0
5 265 0
10 265 0
15 265 0
20 265 0
25 265 1.5701
30 265 1.43824
35 265 1.32671
40 265 1.21505
45 265 1.18288
50 265 1.19834
55 265 1.19649
60 265 1.21094
65 265 1.21756
70 265 1.10534
75 265 0.929744
80 265 0.792375
0 270 0
5 270 0
10 270 0
15 270 0
20 270 0
25 270 1.58723
30 270 1.44386
35 270 1.39479
40 270 1.30238
45 270 1.33923
50 270 1.33399
55 270 1.28419
60 270 1.21885
65 270 1.17461
70 270 1.0474
75 270 0.993231
80 270 0.686454
0 275 0
5 275 0
10 275 0
15 275 0
20 275 0
25 275 1.62834
30 275 1.51864
35 275 1.45171
40 275 1.40034
45 275 1.49135
50 275 1.4158
55 275 1.4024
60 275 1.43357
65 275 1.36787
70 275 1.25176
75 275 1.15588
80 275 0.889726
0 280 0
5 280 0
10 280 0
15 280 0
20 280 0
25 280 1.66038
30 280 1.58045
35 280 1.53502
40 280 1.44949
45 280 1.48161
50 280 1.4098
55 280 1.39499
60 280 1.36989
65 280 1.31967
70 280 1.2555
75 280 1.12892
80 280 0.801689
0 285 0
5 285 0
10 285 0
15 285 0
20 285 0
25 285 1.71464
30 285 1.66158
35 285 1.56335
40 285 1.45365
45 285 1.41265
50 285 1.46532
55 285 1.4468
60 285 1.39036
65 285 1.33088
70 285 1.29347
75 285 1.14337
80 285 0.725657
0 290 0
5 290 0
10 290 0
15 290 0
20 290 0
25 290 1.74892
30 290 1.69346
35 290 1.55681
40 290 1.43083
45 290 1.42523
50 290 1.40721
55 290 1.30476
60 290 1.29401
65 290 1.21047
70 290 1.0811
75 290 0.860664
80 290 0.633551
0 295 0
5 295 0
10 295 0
15 295 0
20 295 0
25 295 1.75521
30 295 1.67304
35 295 1.60887
40 295 1.41833
45 295 1.38496
50 295 1.2978
55 295 1.24171
60 295 1.14399
65 295 1.02638
70 295 0.900329
75 295 0.728487
80 295 0.554918
0 300 0
5 300 0
10 300 0
15 300 0
20 300 0
25 300 1.75947
30 300 1.70361
35 300 1.61307
40 300 1.39244
45 300 1.27252
50 300 1.23065
55 300 1.19051
60 300 1.04929
65 300 0.948069
70 300 0.833681
75 300 0.636929
80 300 0.378127
0 305 0
5 305 0
10 305 0
15 305 0
20 305 0
25 305 1.77112
30 305 1.75565
35 305 1.54789
40 305 1.3762
45 305 1.24738
50 305 1.1872
55 305 1.07838
60 305 0.997368
65 305 0.853908
70 305 0.735953
75 305 0.445124
80 305 0.233648
0 310 0
5 310 0
10 310 0
15 310 0
20 310 0
25 310 1.82844
30 310 1.7223
35 310 1.50023
40 310 1.37819
45 310 1.2116
50 310 1.10932
55 310 0.975352
60 310 0.876119
65 310 0.697087
70 310 0.487516
75 310 0.27577
80 310 0.145476
0 315 0
5 315 0
10 315 0
15 315 0
20 315 0
25 315 1.86743
30 315 1.68948
35 315 1.51931
40 315 1.30879
45 315 1.15259
50 315 1.01587
55 315 0.840349
60 315 0.681007
65 315 0.51711
70 315 0.317536
75 315 0.179821
80 315 0.110459
0 320 0
5 320 0
10 320 0
15 320 0
20 320 1.94716
25 320 1.89556
30 320 1.66357
35 320 1.49991
40 320 1.22435
45 320 1.04465
50 320 0.854675
55 320 0.750481
60 320 0.575126
65 320 0.385661
70 320 0.239922
75 320 0.13221
80 320 0.0861473
0 325 0
5 325 0
10 325 0
15 325 0
20 325 1.96231
25 325 1.93734
30 325 1.62997
35 325 1.47446
40 325 1.17455
45 325 0.948671
50 325 0.749789
55 325 0.629954
60 325 0.43282
65 325 0.291122
70 325 0.178602
75 325 0.101649
80 325 0.0665738
0 330 0
5 330 0
10 330 0
15 330 0
20 330 1.96693
25 330 1.94034
30 330 1.65155
35 330 1.44712
40 330 1.13908
45 330 0.839552
50 330 0.666887
55 330 0.519565
60 330 0.362208
65 330 0.215729
70 330 0.131667
75 330 0.0678374
80 330 0.0468453
0 335 0
5 335 0
10 335 0
15 335 0
20 335 1.9813
25 335 1.91612
30 335 1.67117
35 335 1.42372
40 335 1.10729
45 335 0.781446
50 335 0.60841
55 335 0.448449
60 335 0.278691
65 335 0.221307
70 335 0.105841
75 335 0.0440833
80 335 0.0350401
0 340 0
5 340 0
10 340 0
15 340 0
20 340 1.99841
25 340 1.88245
30 340 1.67233
35 340 1.40737
40 340 1.0881
45 340 0.737559
50 340 0.573436
55 340 0.386171
60 340 0.249612
65 340 0.179629
70 340 0.0748861
75 340 0.0264136
80 340 0.0210686
0 345 0
5 345 0
10 345 0
15 345 0
20 345 2.03858
25 345 1.89099
30 345 1.6727
35 345 1.38163
40 345 1.05054
45 345 0.73511
50 345 0.545403
55 345 0.35776
60 345 0.230896
65 345 0.139351
70 345 0.0419901
75 345 0.0133089
80 345 0.0131274
0 350 0
5 350 0
10 350 0
15 350 0
20 350 2.06887
25 350 1.9037
30 350 1.67022
35 350 1.37193
40 350 1.02299
45 350 0.706781
50 350 0.516326
55 350 0.332243
60 350 0.213208
65 350 0.108948
70 350 0.0277728
75 350 0.000676815
80 350 0.0087201
0 355 0
5 355 0
10 355 0
15 355 0
20 355 2.0814
25 355 1.91184
30 355 1.64161
35 355 1.35508
40 355 0.987061
45 355 0.683576
50 355 0.506194
55 355 0.309068
60 355 0.209699
65 355 0.0968237
70 355 0.0174348
75 355 0
80 355 0.00520229
