0 0 0
3.38587 0 0
6.49084 0 0
9.34287 0 0
11.9687 0 0
14.3932 0 0
16.6392 0 0
18.7272 0 0
20.6754 0 0
22.5 0 0
24.2154 0 0
25.8343 0 0
27.3678 0 0
28.826 0 0
30.2176 0 0
31.5505 0 0
32.8319 0 0

0 0 0
3.37997 356.46 0
6.48056 356.46 0
9.32949 356.46 0
11.9532 356.46 0
14.3765 356.46 0
16.622 356.46 0
18.7099 356.46 0
20.6586 356.46 0
22.484 356.46 0
24.2006 356.46 0
25.8208 356.46 0
27.3559 356.46 0
28.8158 356.46 0
30.2093 356.46 0
31.5442 356.46 0
32.8275 356.46 0

0 0 0
3.36237 352.893 0
6.44999 352.893 0
9.28954 352.893 0
11.907 352.893 0
14.3266 352.893 0
16.5705 352.893 0
18.6585 352.893 0
20.6086 352.893 0
22.4365 352.893 0
24.1565 352.893 0
25.7808 352.893 0
27.3206 352.893 0
28.7857 352.893 0
30.1847 352.893 0
31.5255 352.893 0
32.8151 352.893 0

0 0 0
3.33349 349.271 0
6.39954 349.271 0
9.22371 349.271 0
11.831 349.271 0
14.2445 349.271 0
16.4857 349.271 0
18.5739 349.271 0
20.5263 349.271 0
22.3585 349.271 0
24.0841 349.271 0
25.7154 349.271 0
27.2631 349.271 0
28.7369 349.271 0
30.1453 349.271 0
31.4962 349.271 0
32.7962 349.271 0

0 0 0
3.29384 345.567 0
6.3302 345.567 0
9.13321 345.567 0
11.7263 345.567 0
14.1315 345.567 0
16.3691 345.567 0
18.4576 345.567 0
20.4135 345.567 0
22.2517 345.567 0
23.9854 345.567 0
25.6265 345.567 0
27.1855 345.567 0
28.6717 345.567 0
30.0935 345.567 0
31.4586 345.567 0
32.7736 345.567 0

0 0 0
3.24419 341.751 0
6.24328 341.751 0
9.0197 341.751 0
11.595 341.751 0
13.9898 341.751 0
16.223 341.751 0
18.3121 341.751 0
20.2726 341.751 0
22.1188 341.751 0
23.8632 341.751 0
25.5172 341.751 0
27.0909 341.751 0
28.5935 341.751 0
30.033 341.751 0
31.4167 341.751 0
32.7514 341.751 0

0 0 0
3.18543 337.792 0
6.14053 337.792 0
8.88544 337.792 0
11.4398 337.792 0
13.8223 337.792 0
16.0506 337.792 0
18.1407 337.792 0
20.1073 337.792 0
21.9635 337.792 0
23.7214 337.792 0
25.3917 337.792 0
26.9841 337.792 0
28.5071 337.792 0
29.9688 337.792 0
31.3761 337.792 0
32.7356 337.792 0

0 0 0
3.11898 333.659 0
6.02421 333.659 0
8.73338 333.659 0
11.264 333.659 0
13.633 333.659 0
15.8561 333.659 0
17.9481 333.659 0
19.9224 333.659 0
21.7912 333.659 0
23.5656 333.659 0
25.2559 333.659 0
26.871 333.659 0
28.4192 333.659 0
29.9081 333.659 0
31.3443 333.659 0
32.7342 333.659 0

0 0 0
3.04639 329.318 0
5.89694 329.318 0
8.56711 329.318 0
11.072 329.318 0
13.4266 329.318 0
15.6449 329.318 0
17.74 329.318 0
19.7241 329.318 0
21.6084 329.318 0
23.403 329.318 0
25.1174 329.318 0
26.76 329.318 0
28.3386 329.318 0
29.8603 329.318 0
31.3315 329.318 0
32.7582 329.318 0

0 0 0
2.9694 324.736 0
5.76215 324.736 0
8.39113 324.736 0
10.8694 324.736 0
13.2095 324.736 0
15.424 324.736 0
17.5241 324.736 0
19.5208 324.736 0
21.4241 324.736 0
23.2431 324.736 0
24.9865 324.736 0
26.6621 324.736 0
28.2769 324.736 0
29.8378 324.736 0
31.3508 324.736 0
32.8216 324.736 0

0 0 0
2.89022 319.879 0
5.62358 319.879 0
8.21076 319.879 0
10.6625 319.879 0
12.9894 319.879 0
15.2019 319.879 0
17.3099 319.879 0
19.3228 319.879 0
21.2495 319.879 0
23.0981 319.879 0
24.8762 319.879 0
26.5911 319.879 0
28.2493 319.879 0
29.8569 319.879 0
31.4197 319.879 0
32.943 319.879 0

0 0 0
2.81118 314.719 0
5.48584 314.719 0
8.03228 314.719 0
10.4592 314.719 0
12.7753 314.719 0
14.9892 314.719 0
17.1091 314.719 0
19.1431 314.719 0
21.0988 314.719 0
22.9832 314.719 0
24.8032 314.719 0
26.5651 314.719 0
28.2749 314.719 0
29.9382 314.719 0
31.5602 314.719 0
33.1458 314.719 0

0 0 0
2.73502 309.232 0
5.35387 309.232 0
7.8629 309.232 0
10.2687 309.232 0
12.5783 309.232 0
14.7984 309.232 0
16.936 309.232 0
18.9974 309.232 0
20.9892 309.232 0
22.9175 309.232 0
24.788 309.232 0
26.6063 309.232 0
28.3777 309.232 0
30.1072 309.232 0
31.7997 309.232 0
33.4596 309.232 0

0 0 0
2.66462 303.403 0
5.23334 303.403 0
7.71063 303.403 0
10.1014 303.403 0
12.4108 303.403 0
14.6442 303.403 0
16.807 303.403 0
18.9044 303.403 0
20.9415 303.403 0
22.9235 303.403 0
24.8552 303.403 0
26.7414 303.403 0
28.5866 303.403 0
30.3954 303.403 0
32.1718 303.403 0
33.9201 303.403 0

0 0 0
2.60316 297.236 0
5.13015 297.236 0
7.58401 297.236 0
9.96824 297.236 0
12.2866 297.236 0
14.5428 297.236 0
16.7409 297.236 0
18.8851 297.236 0
20.9792 297.236 0
23.0274 297.236 0
25.0336 297.236 0
27.0018 297.236 0
28.9357 297.236 0
30.8391 297.236 0
32.7158 297.236 0
34.5694 297.236 0

0 0 0
2.55344 290.754 0
5.05013 290.754 0
7.49193 290.754 0
9.88107 290.754 0
12.22 290.754 0
14.5113 290.754 0
16.7578 290.754 0
18.9625 290.754 0
21.1282 290.754 0
23.2581 290.754 0
25.3551 290.754 0
27.4223 290.754 0
29.4628 290.754 0
31.4796 290.754 0
33.4759 290.754 0
35.4546 290.754 0

0 0 0
2.51832 284.002 0
4.99885 284.002 0
7.44276 284.002 0
9.85113 284.002 0
12.2254 284.002 0
14.5671 284.002 0
16.8781 284.002 0
19.1601 284.002 0
21.4152 284.002 0
23.6454 284.002 0
25.8528 284.002 0
28.0395 284.002 0
30.2079 284.002 0
32.3601 284.002 0
34.4984 284.002 0
36.6251 284.002 0

0 0 0
2.49998 277.053 0
4.98106 277.053 0
7.44366 277.053 0
9.88823 277.053 0
12.3154 277.053 0
14.7258 277.053 0
17.1204 277.053 0
19.4999 277.053 0
21.8654 277.053 0
24.218 277.053 0
26.5587 277.053 0
28.8888 277.053 0
31.2094 277.053 0
33.5219 277.053 0
35.8275 277.053 0
38.1277 277.053 0

0 0 0
2.49998 270 0
5.00002 270 0
7.50002 270 0
10 270 0
12.5 270 0
15 270 0
17.5 270 0
20 270 0
22.5 270 0
25 270 0
27.5 270 0
30 270 0
32.5 270 0
35 270 0
37.5 270 0
40 270 0

0 0 0
2.51902 262.947 0
5.05722 262.947 0
7.61445 262.947 0
10.1905 262.947 0
12.785 262.947 0
15.3974 262.947 0
18.0268 262.947 0
20.6725 262.947 0
23.3332 262.947 0
26.008 262.947 0
28.6952 262.947 0
31.3935 262.947 0
34.1011 262.947 0
36.8164 262.947 0
39.5376 262.947 0
42.2626 262.947 0

0 0 0
2.55673 255.998 0
5.15233 255.998 0
7.78682 255.998 0
10.4601 255.998 0
13.1714 255.998 0
15.9198 255.998 0
18.7037 255.998 0
21.5213 255.998 0
24.3703 255.998 0
27.2478 255.998 0
30.1508 255.998 0
33.0756 255.998 0
36.0184 255.998 0
38.9749 255.998 0
41.9408 255.998 0
44.9115 255.998 0

0 0 0
2.61172 249.246 0
5.28287 249.246 0
8.01386 249.246 0
10.8048 249.246 0
13.6549 249.246 0
16.5626 249.246 0
19.5259 249.246 0
22.5415 249.246 0
25.6056 249.246 0
28.7132 249.246 0
31.8589 249.246 0
35.0361 249.246 0
38.2378 249.246 0
41.4564 249.246 0
44.684 249.246 0
47.9125 249.246 0

0 0 0
2.68197 242.764 0
5.44478 242.764 0
8.28968 242.764 0
11.2171 242.764 0
14.2262 242.764 0
17.3153 242.764 0
20.4811 242.764 0
23.719 242.764 0
27.0228 242.764 0
30.3848 242.764 0
33.7962 242.764 0
37.2466 242.764 0
40.7245 242.764 0
44.2178 242.764 0
47.7141 242.764 0
51.2004 242.764 0

0 0 0
2.76478 236.597 0
5.63277 236.597 0
8.60626 236.597 0
11.6863 236.597 0
14.8722 236.597 0
18.1617 236.597 0
21.5502 236.597 0
25.0311 236.597 0
28.5952 236.597 0
32.2311 236.597 0
35.9251 236.597 0
39.6618 236.597 0
43.424 236.597 0
47.1938 236.597 0
50.953 236.597 0
54.6838 236.597 0

0 0 0
2.85691 230.768 0
5.84046 230.768 0
8.95414 230.768 0
12.1996 230.768 0
15.5765 230.768 0
19.0816 230.768 0
22.7088 230.768 0
26.4486 230.768 0
30.2879 230.768 0
34.2102 230.768 0
38.1958 230.768 0
42.2224 230.768 0
46.266 230.768 0
50.3019 230.768 0
54.3055 230.768 0
58.254 230.768 0

0 0 0
2.95532 225.281 0
6.06136 225.281 0
9.32298 225.281 0
12.7428 225.281 0
16.3204 225.281 0
20.0517 225.281 0
23.9283 225.281 0
27.937 225.281 0
32.0595 225.281 0
36.2729 225.281 0
40.5498 225.281 0
44.8598 225.281 0
49.1709 225.281 0
53.4509 225.281 0
57.6692 225.281 0
61.7984 225.281 0

0 0 0
3.05678 220.121 0
6.28871 220.121 0
9.70225 220.121 0
13.3009 220.121 0
17.0843 220.121 0
21.0471 220.121 0
25.1778 220.121 0
29.4586 220.121 0
33.8648 220.121 0
38.3654 220.121 0
42.924 220.121 0
47.5012 220.121 0
52.0561 220.121 0
56.5493 220.121 0
60.945 220.121 0
65.2128 220.121 0

0 0 0
3.15821 215.264 0
6.51596 215.264 0
10.0814 215.264 0
13.8591 215.264 0
17.8483 215.264 0
22.0421 215.264 0
26.4254 215.264 0
30.9745 215.264 0
35.6571 215.264 0
40.4328 215.264 0
45.2554 215.264 0
50.0753 215.264 0
54.8432 215.264 0
59.5135 215.264 0
64.0465 215.264 0
68.4107 215.264 0

0 0 0
3.25672 210.682 0
6.73688 210.682 0
10.4504 210.682 0
14.4026 210.682 0
18.5928 210.682 0
23.0114 210.682 0
27.6393 210.682 0
32.4461 210.682 0
37.3906 210.682 0
42.4223 210.682 0
47.4841 210.682 0
52.5169 210.682 0
57.4635 210.682 0
62.2732 210.682 0
66.9047 210.682 0
71.3275 210.682 0

0 0 0
3.34989 206.341 0
6.94582 206.341 0
10.7998 206.341 0
14.9179 206.341 0
19.2988 206.341 0
23.9305 206.341 0
28.7889 206.341 0
33.8364 206.341 0
39.0221 206.341 0
44.2848 206.341 0
49.5569 206.341 0
54.7699 206.341 0
59.8604 206.341 0
64.7743 206.341 0
69.4704 206.341 0
73.9209 206.341 0

0 0 0
3.43524 202.208 0
7.13771 202.208 0
11.1209 202.208 0
15.3921 202.208 0
19.9489 202.208 0
24.7767 202.208 0
29.8461 202.208 0
35.1116 202.208 0
40.5128 202.208 0
45.9777 202.208 0
51.4286 202.208 0
56.7891 202.208 0
61.9907 202.208 0
66.9782 202.208 0
71.7117 202.208 0
76.1674 202.208 0

0 0 0
3.51084 198.249 0
7.30783 198.249 0
11.4063 198.249 0
15.8138 198.249 0
20.5273 198.249 0
25.5294 198.249 0
30.7852 198.249 0
36.2417 198.249 0
41.8289 198.249 0
47.4648 198.249 0
53.0627 198.249 0
58.5397 198.249 0
63.824 198.249 0
68.8602 198.249 0
73.6113 198.249 0
78.0576 198.249 0

0 0 0
3.57495 194.433 0
7.45248 194.433 0
11.6491 194.433 0
16.173 194.433 0
21.0202 194.433 0
26.1706 194.433 0
31.5843 194.433 0
37.201 194.433 0
42.9422 194.433 0
48.717 194.433 0
54.4313 194.433 0
59.9969 194.433 0
65.3401 194.433 0
70.4065 194.433 0
75.162 194.433 0
79.5916 194.433 0

0 0 0
3.62628 190.729 0
7.56833 190.729 0
11.8438 190.729 0
16.4612 190.729 0
21.416 190.729 0
26.6853 190.729 0
32.225 190.729 0
37.9686 190.729 0
43.8303 190.729 0
49.7121 190.729 0
55.5137 190.729 0
61.1435 190.729 0
66.5268 190.729 0
71.6103 190.729 0
76.3633 190.729 0
80.7742 190.729 0

0 0 0
3.66372 187.107 0
7.65291 187.107 0
11.986 187.107 0
16.672 187.107 0
21.7054 187.107 0
27.0616 187.107 0
32.6929 187.107 0
38.5283 187.107 0
44.4763 187.107 0
50.4336 187.107 0
56.2958 187.107 0
61.9687 187.107 0
67.3773 187.107 0
72.4697 187.107 0
77.2176 187.107 0
81.6123 187.107 0

0 0 0
3.68653 183.54 0
7.70439 183.54 0
12.0726 183.54 0
16.8004 183.54 0
21.8817 183.54 0
27.2908 183.54 0
32.9778 183.54 0
38.8686 183.54 0
44.8685 183.54 0
50.8708 183.54 0
56.7684 183.54 0
62.4661 183.54 0
67.8885 183.54 0
72.9849 183.54 0
77.7283 183.54 0
82.1122 183.54 0

0 0 0
3.69411 180 0
7.72167 180 0
12.1017 180 0
16.8435 180 0
21.941 180 0
27.3678 180 0
33.0735 180 0
38.9829 180 0
45 180 0
51.0171 180 0
56.9265 180 0
62.6322 180 0
68.059 180 0
73.1565 180 0
77.8983 180 0
82.2783 180 0

0 0 0
3.68653 176.46 0
7.70439 176.46 0
12.0726 176.46 0
16.8004 176.46 0
21.8817 176.46 0
27.2908 176.46 0
32.9778 176.46 0
38.8686 176.46 0
44.8685 176.46 0
50.8708 176.46 0
56.7684 176.46 0
62.4661 176.46 0
67.8885 176.46 0
72.9849 176.46 0
77.7283 176.46 0
82.1122 176.46 0

0 0 0
3.66372 172.893 0
7.65291 172.893 0
11.986 172.893 0
16.672 172.893 0
21.7054 172.893 0
27.0616 172.893 0
32.6929 172.893 0
38.5283 172.893 0
44.4763 172.893 0
50.4336 172.893 0
56.2958 172.893 0
61.9687 172.893 0
67.3773 172.893 0
72.4697 172.893 0
77.2176 172.893 0
81.6123 172.893 0

0 0 0
3.62628 169.271 0
7.56833 169.271 0
11.8438 169.271 0
16.4612 169.271 0
21.416 169.271 0
26.6853 169.271 0
32.225 169.271 0
37.9686 169.271 0
43.8303 169.271 0
49.7121 169.271 0
55.5137 169.271 0
61.1435 169.271 0
66.5268 169.271 0
71.6103 169.271 0
76.3633 169.271 0
80.7741 169.271 0

0 0 0
3.57495 165.567 0
7.45248 165.567 0
11.6491 165.567 0
16.173 165.567 0
21.0202 165.567 0
26.1706 165.567 0
31.5843 165.567 0
37.201 165.567 0
42.9422 165.567 0
48.717 165.567 0
54.4313 165.567 0
59.9969 165.567 0
65.3401 165.567 0
70.4065 165.567 0
75.162 165.567 0
79.5916 165.567 0

0 0 0
3.51084 161.751 0
7.30783 161.751 0
11.4063 161.751 0
15.8138 161.751 0
20.5273 161.751 0
25.5294 161.751 0
30.7852 161.751 0
36.2417 161.751 0
41.8289 161.751 0
47.4648 161.751 0
53.0627 161.751 0
58.5397 161.751 0
63.824 161.751 0
68.8602 161.751 0
73.6113 161.751 0
78.0576 161.751 0

0 0 0
3.43524 157.792 0
7.13771 157.792 0
11.1209 157.792 0
15.3921 157.792 0
19.9489 157.792 0
24.7767 157.792 0
29.8461 157.792 0
35.1116 157.792 0
40.5128 157.792 0
45.9777 157.792 0
51.4286 157.792 0
56.7891 157.792 0
61.9907 157.792 0
66.9781 157.792 0
71.7117 157.792 0
76.1674 157.792 0

0 0 0
3.34989 153.659 0
6.94582 153.659 0
10.7998 153.659 0
14.9179 153.659 0
19.2988 153.659 0
23.9305 153.659 0
28.7889 153.659 0
33.8364 153.659 0
39.0221 153.659 0
44.2848 153.659 0
49.5569 153.659 0
54.7699 153.659 0
59.8604 153.659 0
64.7743 153.659 0
69.4704 153.659 0
73.9209 153.659 0

0 0 0
3.25672 149.318 0
6.73688 149.318 0
10.4504 149.318 0
14.4026 149.318 0
18.5928 149.318 0
23.0114 149.318 0
27.6393 149.318 0
32.4461 149.318 0
37.3906 149.318 0
42.4223 149.318 0
47.4841 149.318 0
52.5169 149.318 0
57.4635 149.318 0
62.2732 149.318 0
66.9047 149.318 0
71.3275 149.318 0

0 0 0
3.15821 144.736 0
6.51596 144.736 0
10.0814 144.736 0
13.8591 144.736 0
17.8483 144.736 0
22.0421 144.736 0
26.4254 144.736 0
30.9745 144.736 0
35.6571 144.736 0
40.4328 144.736 0
45.2554 144.736 0
50.0753 144.736 0
54.8432 144.736 0
59.5135 144.736 0
64.0465 144.736 0
68.4107 144.736 0

0 0 0
3.05678 139.879 0
6.28871 139.879 0
9.70225 139.879 0
13.3009 139.879 0
17.0843 139.879 0
21.0471 139.879 0
25.1778 139.879 0
29.4586 139.879 0
33.8648 139.879 0
38.3654 139.879 0
42.924 139.879 0
47.5012 139.879 0
52.056 139.879 0
56.5493 139.879 0
60.945 139.879 0
65.2128 139.879 0

0 0 0
2.95532 134.719 0
6.06136 134.719 0
9.32298 134.719 0
12.7428 134.719 0
16.3204 134.719 0
20.0517 134.719 0
23.9283 134.719 0
27.937 134.719 0
32.0595 134.719 0
36.2729 134.719 0
40.5498 134.719 0
44.8598 134.719 0
49.1709 134.719 0
53.4509 134.719 0
57.6692 134.719 0
61.7984 134.719 0

0 0 0
2.85691 129.232 0
5.84046 129.232 0
8.95414 129.232 0
12.1996 129.232 0
15.5765 129.232 0
19.0816 129.232 0
22.7088 129.232 0
26.4486 129.232 0
30.2879 129.232 0
34.2102 129.232 0
38.1958 129.232 0
42.2224 129.232 0
46.266 129.232 0
50.3019 129.232 0
54.3055 129.232 0
58.254 129.232 0

0 0 0
2.76478 123.403 0
5.63277 123.403 0
8.60626 123.403 0
11.6863 123.403 0
14.8722 123.403 0
18.1617 123.403 0
21.5502 123.403 0
25.0311 123.403 0
28.5952 123.403 0
32.2311 123.403 0
35.9251 123.403 0
39.6618 123.403 0
43.424 123.403 0
47.1938 123.403 0
50.953 123.403 0
54.6838 123.403 0

0 0 0
2.68197 117.236 0
5.44478 117.236 0
8.28968 117.236 0
11.2171 117.236 0
14.2262 117.236 0
17.3153 117.236 0
20.4811 117.236 0
23.719 117.236 0
27.0228 117.236 0
30.3848 117.236 0
33.7962 117.236 0
37.2465 117.236 0
40.7245 117.236 0
44.2178 117.236 0
47.7141 117.236 0
51.2004 117.236 0

0 0 0
2.61172 110.754 0
5.28287 110.754 0
8.01386 110.754 0
10.8048 110.754 0
13.6549 110.754 0
16.5627 110.754 0
19.5259 110.754 0
22.5415 110.754 0
25.6056 110.754 0
28.7132 110.754 0
31.8589 110.754 0
35.0361 110.754 0
38.2378 110.754 0
41.4564 110.754 0
44.684 110.754 0
47.9125 110.754 0

0 0 0
2.55673 104.002 0
5.15233 104.002 0
7.78682 104.002 0
10.4601 104.002 0
13.1714 104.002 0
15.9198 104.002 0
18.7037 104.002 0
21.5213 104.002 0
24.3703 104.002 0
27.2478 104.002 0
30.1508 104.002 0
33.0756 104.002 0
36.0184 104.002 0
38.9749 104.002 0
41.9408 104.002 0
44.9115 104.002 0

0 0 0
2.51902 97.0532 0
5.05722 97.0532 0
7.61445 97.0532 0
10.1905 97.0532 0
12.785 97.0532 0
15.3974 97.0532 0
18.0268 97.0532 0
20.6725 97.0532 0
23.3332 97.0532 0
26.008 97.0532 0
28.6952 97.0532 0
31.3935 97.0532 0
34.1011 97.0532 0
36.8164 97.0532 0
39.5376 97.0532 0
42.2626 97.0532 0

0 0 0
2.49998 90 0
5.00002 90 0
7.50002 90 0
10 90 0
12.5 90 0
15 90 0
17.5 90 0
20 90 0
22.5 90 0
25 90 0
27.5 90 0
30 90 0
32.5 90 0
35 90 0
37.5 90 0
40 90 0

0 0 0
2.49998 82.9468 0
4.98106 82.9468 0
7.44366 82.9468 0
9.88823 82.9468 0
12.3154 82.9468 0
14.7258 82.9468 0
17.1204 82.9468 0
19.4999 82.9468 0
21.8654 82.9468 0
24.218 82.9468 0
26.5587 82.9468 0
28.8888 82.9468 0
31.2094 82.9468 0
33.5219 82.9468 0
35.8275 82.9468 0
38.1277 82.9468 0

0 0 0
2.51832 75.9981 0
4.99893 75.9981 0
7.44276 75.9981 0
9.85113 75.9981 0
12.2254 75.9981 0
14.5671 75.9981 0
16.8781 75.9981 0
19.1601 75.9981 0
21.4152 75.9981 0
23.6454 75.9981 0
25.8528 75.9981 0
28.0395 75.9981 0
30.2079 75.9981 0
32.3601 75.9981 0
34.4984 75.9981 0
36.6251 75.9981 0

0 0 0
2.55344 69.2464 0
5.05013 69.2464 0
7.49193 69.2464 0
9.88107 69.2464 0
12.22 69.2464 0
14.5113 69.2464 0
16.7578 69.2464 0
18.9625 69.2464 0
21.1282 69.2464 0
23.2581 69.2464 0
25.3551 69.2464 0
27.4223 69.2464 0
29.4628 69.2464 0
31.4796 69.2464 0
33.4759 69.2464 0
35.4546 69.2464 0

0 0 0
2.60316 62.7637 0
5.13015 62.7637 0
7.58401 62.7637 0
9.96824 62.7637 0
12.2866 62.7637 0
14.5428 62.7637 0
16.7409 62.7637 0
18.8851 62.7637 0
20.9792 62.7637 0
23.0274 62.7637 0
25.0336 62.7637 0
27.0018 62.7637 0
28.9357 62.7637 0
30.8391 62.7637 0
32.7159 62.7637 0
34.5694 62.7637 0

0 0 0
2.66462 56.5968 0
5.23334 56.5968 0
7.71063 56.5968 0
10.1014 56.5968 0
12.4108 56.5968 0
14.6442 56.5968 0
16.807 56.5968 0
18.9044 56.5968 0
20.9415 56.5968 0
22.9235 56.5968 0
24.8552 56.5968 0
26.7414 56.5968 0
28.5866 56.5968 0
30.3954 56.5968 0
32.1718 56.5968 0
33.9201 56.5968 0

0 0 0
2.73502 50.7685 0
5.35387 50.7685 0
7.8629 50.7685 0
10.2687 50.7685 0
12.5783 50.7685 0
14.7984 50.7685 0
16.936 50.7685 0
18.9974 50.7685 0
20.9892 50.7685 0
22.9175 50.7685 0
24.788 50.7685 0
26.6063 50.7685 0
28.3777 50.7685 0
30.1072 50.7685 0
31.7997 50.7685 0
33.4596 50.7685 0

0 0 0
2.81118 45.2809 0
5.48584 45.2809 0
8.03228 45.2809 0
10.4592 45.2809 0
12.7753 45.2809 0
14.9892 45.2809 0
17.1091 45.2809 0
19.1431 45.2809 0
21.0988 45.2809 0
22.9832 45.2809 0
24.8032 45.2809 0
26.5652 45.2809 0
28.2749 45.2809 0
29.9382 45.2809 0
31.5602 45.2809 0
33.1458 45.2809 0

0 0 0
2.89022 40.1207 0
5.62358 40.1207 0
8.21076 40.1207 0
10.6625 40.1207 0
12.9894 40.1207 0
15.2019 40.1207 0
17.3099 40.1207 0
19.3228 40.1207 0
21.2495 40.1207 0
23.0981 40.1207 0
24.8762 40.1207 0
26.5911 40.1207 0
28.2493 40.1207 0
29.8569 40.1207 0
31.4197 40.1207 0
32.943 40.1207 0

0 0 0
2.9694 35.2644 0
5.76211 35.2644 0
8.39113 35.2644 0
10.8694 35.2644 0
13.2095 35.2644 0
15.424 35.2644 0
17.5241 35.2644 0
19.5208 35.2644 0
21.4241 35.2644 0
23.2431 35.2644 0
24.9865 35.2644 0
26.6621 35.2644 0
28.2769 35.2644 0
29.8378 35.2644 0
31.3508 35.2644 0
32.8216 35.2644 0

0 0 0
3.04639 30.682 0
5.89694 30.682 0
8.56711 30.682 0
11.072 30.682 0
13.4266 30.682 0
15.6449 30.682 0
17.74 30.682 0
19.7241 30.682 0
21.6084 30.682 0
23.403 30.682 0
25.1174 30.682 0
26.76 30.682 0
28.3386 30.682 0
29.8603 30.682 0
31.3314 30.682 0
32.7582 30.682 0

0 0 0
3.11898 26.341 0
6.02421 26.341 0
8.73334 26.341 0
11.264 26.341 0
13.633 26.341 0
15.8561 26.341 0
17.9481 26.341 0
19.9224 26.341 0
21.7912 26.341 0
23.5656 26.341 0
25.2559 26.341 0
26.871 26.341 0
28.4192 26.341 0
29.9081 26.341 0
31.3443 26.341 0
32.7342 26.341 0

0 0 0
3.18543 22.2076 0
6.14053 22.2076 0
8.88544 22.2076 0
11.4398 22.2076 0
13.8223 22.2076 0
16.0506 22.2076 0
18.1407 22.2076 0
20.1073 22.2076 0
21.9635 22.2076 0
23.7214 22.2076 0
25.3917 22.2076 0
26.9841 22.2076 0
28.5071 22.2076 0
29.9688 22.2076 0
31.3761 22.2076 0
32.7356 22.2076 0

0 0 0
3.24419 18.2489 0
6.24328 18.2489 0
9.0197 18.2489 0
11.595 18.2489 0
13.9898 18.2489 0
16.223 18.2489 0
18.3121 18.2489 0
20.2726 18.2489 0
22.1188 18.2489 0
23.8632 18.2489 0
25.5172 18.2489 0
27.0909 18.2489 0
28.5935 18.2489 0
30.033 18.2489 0
31.4167 18.2489 0
32.7514 18.2489 0

0 0 0
3.29384 14.4327 0
6.3302 14.4327 0
9.13321 14.4327 0
11.7263 14.4327 0
14.1315 14.4327 0
16.3691 14.4327 0
18.4576 14.4327 0
20.4135 14.4327 0
22.2517 14.4327 0
23.9854 14.4327 0
25.6265 14.4327 0
27.1855 14.4327 0
28.6717 14.4327 0
30.0935 14.4327 0
31.4586 14.4327 0
32.7736 14.4327 0

0 0 0
3.33349 10.7286 0
6.39954 10.7286 0
9.22371 10.7286 0
11.8309 10.7286 0
14.2445 10.7286 0
16.4857 10.7286 0
18.5739 10.7286 0
20.5263 10.7286 0
22.3585 10.7286 0
24.0841 10.7286 0
25.7154 10.7286 0
27.2631 10.7286 0
28.7369 10.7286 0
30.1453 10.7286 0
31.4962 10.7286 0
32.7962 10.7286 0

0 0 0
3.36237 7.10707 0
6.44999 7.10707 0
9.28954 7.10707 0
11.907 7.10707 0
14.3266 7.10707 0
16.5705 7.10707 0
18.6585 7.10707 0
20.6086 7.10707 0
22.4365 7.10707 0
24.1565 7.10707 0
25.7808 7.10707 0
27.3206 7.10707 0
28.7857 7.10707 0
30.1847 7.10707 0
31.5255 7.10707 0
32.8151 7.10707 0

0 0 0
3.37997 3.54002 0
6.48056 3.54002 0
9.32949 3.54002 0
11.9532 3.54002 0
14.3765 3.54002 0
16.622 3.54002 0
18.7099 3.54002 0
20.6586 3.54002 0
22.484 3.54002 0
24.2006 3.54002 0
25.8208 3.54002 0
27.3559 3.54002 0
28.8158 3.54002 0
30.2093 3.54002 0
31.5442 3.54002 0
32.8275 3.54002 0

