0 0 2.93429
5 0 2.98694
10 0 3.00887
15 0 2.99904
20 0 2.95685
25 0 2.88229
30 0 2.77598
35 0 2.63922
40 0 2.4741
45 0 2.28354
50 0 2.07142
55 0 1.84252
60 0 1.60263
65 0 1.35837
70 0 1.11709
75 0 0.886504
80 0 0.674222
0 5 2.93429
5 5 2.93798
10 5 2.91279
15 5 2.85884
20 5 2.77666
25 5 2.66726
30 5 2.53217
35 5 2.37346
40 5 2.19382
45 5 1.99656
50 5 1.78567
55 5 1.56578
60 5 1.34219
65 5 1.12066
70 5 0.907306
75 5 0.708258
80 5 0.529265
0 10 2.93429
5 10 2.88871
10 10 2.81567
15 10 2.71641
20 10 2.59257
25 10 2.44621
30 10 2.27983
35 10 2.09639
40 10 1.89932
45 10 1.69251
50 10 1.48029
55 10 1.26739
60 10 1.05881
65 10 0.859645
70 10 0.674912
75 10 0.509177
80 10 0.366202
0 15 2.93429
5 15 2.83953
10 15 2.7185
15 15 2.57368
20 15 2.40793
25 15 2.22451
30 15 2.02703
35 15 1.81945
40 15 1.60603
45 15 1.39129
50 15 1.17989
55 15 0.976535
60 15 0.785797
65 15 0.611876
70 15 0.458347
75 15 0.327864
80 15 0.221862
0 20 2.93429
5 20 2.79085
10 20 2.62226
15 20 2.43253
20 20 2.22601
25 20 2.00733
30 20 1.78139
35 20 1.5532
40 20 1.32783
45 20 1.11025
50 20 0.905176
55 20 0.716891
60 20 0.548994
65 20 0.404188
70 20 0.28404
75 20 0.188811
80 20 0.11736
0 25 2.93429
5 25 2.74307
10 25 2.52793
15 25 2.29478
20 25 2.0498
25 25 1.79926
30 25 1.54938
35 25 1.30621
40 25 1.07537
45 25 0.861887
50 25 0.669945
55 25 0.502689
60 25 0.362019
65 25 0.248442
70 25 0.161023
75 25 0.0974539
80 25 0.0542854
0 30 2.93429
5 30 2.69657
10 30 2.43641
15 30 2.1621
20 30 1.88194
25 30 1.60404
30 30 1.33596
35 30 1.08449
40 30 0.855341
45 30 0.652928
50 30 0.480116
55 30 0.338107
60 30 0.226393
65 30 0.14285
70 30 0.0839879
75 30 0.0453605
80 30 0.0220965
0 35 2.93429
5 35 2.65176
10 35 2.34858
15 35 2.03591
20 35 1.72455
25 35 1.42446
30 35 1.14434
35 35 0.891286
40 35 0.670409
45 35 0.484675
50 35 0.334817
55 35 0.219419
60 35 0.135196
65 35 0.0774499
70 35 0.0406762
75 35 0.0192377
80 35 0.00800698
0 40 2.93429
5 40 2.60898
10 40 2.2652
15 40 1.91745
20 40 1.57922
25 40 1.26228
30 40 0.97609
35 40 0.727383
40 40 0.51989
45 40 0.354325
50 40 0.228623
55 40 0.138428
60 40 0.0777919
65 40 0.04002
70 40 0.0185225
75 40 0.00754356
80 40 0.00262709
0 45 2.93429
5 45 2.56858
10 45 2.18697
15 45 1.8077
20 45 1.44703
25 45 1.11832
30 45 0.831294
35 45 0.591583
40 45 0.400747
45 45 0.256608
50 45 0.153981
55 45 0.0856672
60 45 0.043605
65 45 0.0199699
70 45 0.00805659
75 45 0.00278677
80 45 0.000797991
0 50 2.93429
5 50 2.53088
10 50 2.11449
15 50 1.70735
20 50 1.32853
25 50 0.99261
30 50 0.708938
35 50 0.481363
40 50 0.308634
45 50 0.185316
50 50 0.103144
55 50 0.0525431
60 50 0.0241134
65 50 0.00977283
70 50 0.00341044
75 50 0.000992036
80 50 0.000230585
0 55 2.93429
5 55 2.49616
10 55 2.04825
15 55 1.61693
20 55 1.22389
25 55 0.884539
30 55 0.607253
35 55 0.393491
40 55 0.238786
45 55 0.134402
50 55 0.0693352
55 55 0.0323015
60 55 0.0133408
65 55 0.0047719
70 55 0.001435
75 55 0.000349179
80 55 6.54053e-005
0 60 2.93429
5 60 2.46471
10 60 1.98867
15 60 1.53672
20 60 1.13293
25 60 0.793086
30 60 0.524066
35 60 0.324526
40 60 0.186652
45 60 0.0986179
50 60 0.0472176
55 60 0.0201427
60 60 0.0074951
65 60 0.00236825
70 60 0.000614049
75 60 0.000124995
80 60 1.88534e-005
0 65 2.93429
5 65 2.43673
10 65 1.93608
15 65 1.46687
20 65 1.05526
25 65 0.71699
30 65 0.457075
35 65 0.27118
40 65 0.148244
45 65 0.0737546
50 65 0.0328889
55 65 0.0128968
60 65 0.00434206
65 65 0.00121771
70 65 0.000273649
75 65 4.68686e-005
80 65 5.72869e-006
0 70 2.93429
5 70 2.41244
10 70 1.89074
15 70 1.4074
20 70 0.990332
25 70 0.654899
30 70 0.404065
35 70 0.230533
40 70 0.120292
45 70 0.0566309
50 70 0.0236515
55 70 0.0085804
60 70 0.00263334
65 70 0.000661124
70 70 0.000130065
75 70 1.89631e-005
80 70 1.90418e-006
0 75 2.93429
5 75 2.39202
10 75 1.85284
15 75 1.35825
20 75 0.937537
25 75 0.605504
30 75 0.363046
35 75 0.200137
40 75 0.100239
45 75 0.0449466
50 75 0.0177157
55 75 0.00599932
60 75 0.00169605
65 75 0.000385935
70 75 6.74478e-005
75 75 8.51866e-006
80 75 7.17642e-007
0 80 2.93429
5 80 2.37561
10 80 1.82251
15 80 1.31929
20 80 0.896281
25 80 0.567621
30 80 0.332329
35 80 0.178036
40 80 0.086174
45 80 0.0370985
50 80 0.0139312
55 80 0.00445336
60 80 0.00117524
65 80 0.000246242
70 80 3.89602e-005
75 80 4.361e-006
80 80 3.169e-007
0 85 2.93429
5 85 2.36331
10 85 1.79987
15 85 1.29041
20 85 0.866028
25 85 0.540257
30 85 0.310565
35 85 0.162748
40 85 0.0767243
45 85 0.0320088
50 85 0.0115788
55 85 0.00354014
60 85 0.000885867
65 85 0.000174149
70 85 2.55157e-005
75 85 2.60178e-006
80 85 1.68662e-007
0 90 2.93429
5 90 2.35522
10 90 1.78497
15 90 1.27148
20 90 0.846354
25 90 0.52265
30 90 0.296756
35 90 0.153219
40 90 0.0709606
45 90 0.028985
50 90 0.0102247
55 90 0.0030341
60 90 0.000732653
65 90 0.000138016
70 90 1.92107e-005
75 90 1.84084e-006
80 90 1.10612e-007
0 95 2.93429
5 95 2.35139
10 95 1.77786
15 95 1.26243
20 95 0.836958
25 95 0.514288
30 95 0.290252
35 95 0.14878
40 95 0.0683146
45 95 0.0276213
50 95 0.00962705
55 95 0.00281637
60 95 0.000668727
65 95 0.000123481
70 95 1.67828e-005
75 95 1.56289e-006
80 95 9.07231e-008
0 100 2.93429
5 100 2.35185
10 100 1.77856
15 100 1.26321
20 100 0.837702
25 100 0.514921
30 100 0.290741
35 100 0.14912
40 100 0.068526
45 100 0.0277365
50 100 0.00968109
55 100 0.00283759
60 100 0.000675474
65 100 0.00012515
70 100 1.70866e-005
75 100 1.60084e-006
80 100 9.36892e-008
0 105 2.93429
5 105 2.3566
10 105 1.78708
15 105 1.27384
20 105 0.848602
25 105 0.524574
30 105 0.298249
35 105 0.154264
40 105 0.0716147
45 105 0.0293452
50 105 0.0103957
55 105 0.00310223
60 105 0.00075474
65 105 0.0001436
70 105 2.02556e-005
75 105 1.9759e-006
80 105 1.21618e-007
0 110 2.93429
5 110 2.36561
10 110 1.8034
15 110 1.29436
20 110 0.869833
25 110 0.54354
30 110 0.313135
35 110 0.164571
40 110 0.0778836
45 110 0.0326598
50 110 0.0118952
55 110 0.00367008
60 110 0.000929519
65 110 0.000185683
70 110 2.77934e-005
75 110 2.9163e-006
80 110 1.96484e-007
0 115 2.93429
5 115 2.37882
10 115 1.82748
15 115 1.3249
20 115 0.901725
25 115 0.572374
30 115 0.336107
35 115 0.180766
40 115 0.0879497
45 115 0.0381243
50 115 0.0144477
55 115 0.00467468
60 115 0.00125359
65 115 0.000268308
70 115 4.36706e-005
75 115 5.07683e-006
80 115 3.8819e-007
0 120 2.93429
5 120 2.39615
10 120 1.85927
15 120 1.36558
20 120 0.944745
25 120 0.611892
30 120 0.368219
35 120 0.203962
40 120 0.102802
45 120 0.0464817
50 120 0.0185239
55 120 0.00636505
60 120 0.00183444
65 120 0.000428197
70 120 7.74095e-005
75 120 1.0228e-005
80 120 9.15448e-007
0 125 2.93429
5 125 2.41747
10 125 1.89866
15 125 1.41655
20 125 0.999456
25 125 0.663133
30 125 0.410885
35 125 0.235718
40 125 0.123888
45 125 0.0588793
50 125 0.0248991
55 125 0.00918246
60 125 0.00287968
65 125 0.000743883
70 125 0.000151974
75 125 2.32976e-005
80 125 2.50194e-006
0 130 2.93429
5 130 2.44264
10 130 1.94552
15 130 1.47793
20 130 1.06649
25 130 0.727333
30 130 0.465861
35 130 0.278074
40 130 0.153215
45 130 0.0770152
50 130 0.0348075
55 130 0.0138914
60 130 0.00478609
65 130 0.00138354
70 130 0.000323598
75 130 5.84373e-005
80 130 7.66541e-006
0 135 2.93429
5 135 2.47149
10 135 1.99966
15 135 1.54981
20 135 1.14647
25 135 0.805856
30 135 0.535221
35 135 0.333581
40 135 0.19346
45 135 0.103318
50 135 0.050163
55 135 0.021791
60 135 0.00830256
65 135 0.00270584
70 135 0.000730653
75 135 0.000156915
80 135 2.54131e-005
0 140 2.93429
5 140 2.5038
10 140 2.06082
15 140 1.63217
20 140 1.23999
25 140 0.900106
30 140 0.621257
35 140 0.405273
40 140 0.24804
45 140 0.141141
50 140 0.0738403
55 140 0.0350294
60 140 0.014811
65 140 0.00546196
70 140 0.00170927
75 140 0.000438243
80 140 8.79608e-005
0 145 2.93429
5 145 2.53934
10 145 2.12866
15 145 1.72488
20 145 1.34747
25 145 1.01139
30 145 0.72636
35 145 0.496569
40 145 0.321114
45 145 0.194905
50 145 0.109984
55 145 0.0570239
60 145 0.0267694
65 145 0.0111712
70 145 0.00404919
75 145 0.00123759
80 145 0.000306989
0 150 2.93429
5 150 2.57783
10 150 2.20276
15 150 1.82764
20 150 1.46908
25 150 1.14079
30 150 0.852789
35 150 0.611043
40 150 0.417433
45 150 0.27012
50 150 0.164249
55 150 0.0929264
60 150 0.0483216
65 150 0.0227439
70 150 0.00950463
75 150 0.00344117
80 150 0.00104585
0 155 2.93429
5 155 2.61899
10 155 2.28262
15 155 1.93993
20 155 1.60469
25 155 1.28893
30 155 1.00239
35 155 0.752065
40 155 0.541971
45 155 0.373129
50 155 0.243799
55 155 0.149956
60 155 0.0859565
65 155 0.0453452
70 155 0.021671
75 155 0.0091971
80 155 0.00337855
0 160 2.93429
5 160 2.66248
10 160 2.36761
15 160 2.06103
20 160 1.75371
25 160 1.45581
30 160 1.17624
35 160 0.922285
40 160 0.699285
45 160 0.510458
50 160 0.356818
55 160 0.237274
60 160 0.148877
65 160 0.0872534
70 160 0.0471635
75 160 0.0231387
80 160 0.0100947
0 165 2.93429
5 165 2.70796
10 165 2.45704
15 165 2.18993
20 165 1.91505
25 165 1.6406
30 165 1.37428
35 165 1.12299
40 165 0.892601
45 165 0.687679
50 165 0.511315
55 165 0.364978
60 165 0.248479
65 165 0.160046
70 165 0.0965492
75 165 0.0538616
80 165 0.0273409
0 170 2.93429
5 170 2.75505
10 170 2.5501
15 170 2.32539
20 170 2.0871
25 170 1.84153
30 170 1.59496
35 170 1.35347
40 170 1.12273
45 170 0.907848
50 170 0.713125
55 170 0.541878
60 170 0.39625
65 170 0.277065
70 170 0.183767
75 170 0.114464
80 170 0.066108
0 175 2.93429
5 175 2.80336
10 175 2.64592
15 175 2.46591
20 175 2.26764
25 175 2.05573
30 175 1.835
35 175 1.61043
40 175 1.38705
45 175 1.1698
50 175 0.963394
55 175 0.772167
60 175 0.599837
65 175 0.449313
70 175 0.322474
75 175 0.219994
80 175 0.141227
0 180 2.93429
5 180 2.8525
10 180 2.74353
15 180 2.60978
20 180 2.454
25 180 2.27935
30 180 2.08933
35 180 1.88776
40 180 1.67877
45 180 1.46675
50 180 1.25623
55 180 1.05183
60 180 0.858061
65 180 0.679184
70 180 0.518929
75 180 0.380256
80 180 0.265064
0 185 2.93429
5 185 2.90205
10 185 2.84195
15 185 2.75511
20 185 2.64304
25 185 2.50764
30 185 2.35124
35 185 2.1766
40 185 1.98693
45 185 1.78586
50 185 1.57748
55 185 1.36626
60 185 1.15696
65 185 0.954548
70 185 0.763978
75 185 0.589931
80 185 0.436495
0 190 2.93429
5 190 2.95158
10 190 2.94015
15 190 2.89996
20 190 2.83138
25 190 2.73525
30 190 2.61287
35 190 2.46604
40 190 2.29713
45 190 2.10911
50 190 1.90556
55 190 1.6907
60 190 1.46937
65 190 1.24699
70 190 1.02936
75 190 0.822505
80 190 0.632286
0 195 2.93429
5 195 3.0007
10 195 3.03712
15 195 3.04231
20 195 3.01554
25 195 2.95657
30 195 2.86576
35 195 2.74408
40 195 2.59319
45 195 2.41555
50 195 2.21446
55 195 1.99409
60 195 1.75958
65 195 1.51691
70 195 1.27289
75 195 1.03487
80 195 0.81043
0 200 2.93429
5 200 3.04901
10 200 3.13186
15 200 3.18025
20 200 3.19214
25 200 3.16616
30 200 3.10171
35 200 2.99899
40 200 2.85919
45 200 2.68454
50 200 2.47844
55 200 2.24556
60 200 1.99182
65 200 1.72442
70 200 1.45169
75 200 1.18276
80 200 0.927152
0 205 2.93429
5 205 3.09609
10 205 3.22345
15 205 3.31199
20 205 3.35812
25 205 3.35916
30 205 3.31348
35 205 3.22066
40 205 3.08168
45 205 2.89905
50 205 2.67693
55 205 2.42122
60 205 2.13959
65 205 1.84133
70 205 1.53711
75 205 1.23846
80 205 0.957062
0 210 2.93429
5 210 3.14159
10 210 3.31101
15 210 3.43598
20 210 3.51093
25 210 3.53165
30 210 3.4955
35 210 3.40168
40 210 3.25145
45 210 3.0483
50 210 2.79809
55 210 2.50908
60 210 2.19176
65 210 1.85856
70 210 1.52323
75 210 1.20006
80 210 0.902646
0 215 2.93429
5 215 3.18514
10 215 3.39382
15 215 3.55093
20 215 3.6486
25 215 3.6809
30 215 3.64431
35 215 3.53806
40 215 3.36442
45 215 3.12889
50 215 2.84024
55 215 2.51029
60 215 2.1535
65 215 1.78621
70 215 1.42558
75 215 1.08819
80 215 0.788513
0 220 2.93429
5 220 3.22642
10 220 3.47121
15 220 3.6559
20 220 3.7699
25 220 3.80555
30 220 3.75872
35 220 3.62934
40 220 3.4217
45 220 3.14454
50 220 2.81081
55 220 2.43706
60 220 2.0425
65 220 1.64759
70 220 1.27234
75 220 0.934397
80 220 0.647178
0 225 2.93429
5 225 3.26514
10 225 3.54266
15 225 3.75024
20 225 3.87431
25 225 3.90554
30 225 3.8397
35 225 3.67831
40 225 3.42883
45 225 3.10452
50 225 2.72368
55 225 2.30838
60 225 1.88274
65 225 1.47076
70 225 1.09394
75 225 0.769064
80 225 0.506377
0 230 2.93429
5 230 3.30103
10 230 3.60779
15 230 3.83366
20 230 3.96199
25 230 3.98203
30 230 3.8901
35 230 3.69029
40 230 3.39447
45 230 3.02152
50 230 2.59588
55 230 2.14536
60 230 1.69847
65 230 1.28142
70 230 0.915364
75 230 0.614158
80 230 0.383189
0 235 2.93429
5 235 3.33385
10 235 3.66629
15 235 3.90615
20 235 4.03371
25 235 4.03715
30 235 3.91413
35 235 3.67231
40 235 3.32897
45 235 2.90942
50 235 2.44456
55 235 1.96752
60 235 1.51003
65 235 1.09888
70 235 0.752939
75 235 0.48155
80 235 0.284384
0 240 2.93429
5 240 3.36339
10 240 3.71799
15 240 3.96798
20 240 4.0907
25 240 4.07376
30 240 3.91687
35 240 3.63215
40 240 3.243
45 240 2.78155
50 240 2.28486
55 240 1.79052
60 240 1.33205
65 240 0.935076
70 240 0.614727
75 240 0.374952
80 240 0.209749
0 245 2.93429
5 245 3.38948
10 245 3.76282
15 245 4.01961
20 245 4.13453
25 245 4.09513
30 245 3.90378
35 245 3.57765
40 245 3.14661
45 245 2.64948
50 245 2.12885
55 245 1.62554
60 245 1.17344
65 245 0.795652
70 245 0.50269
75 245 0.293013
80 245 0.155649
0 250 2.93429
5 250 3.41198
10 250 3.80077
15 250 4.06164
20 250 4.16697
25 250 4.10468
30 250 3.88024
35 250 3.51609
40 250 3.04853
45 250 2.52252
50 250 1.98523
55 250 1.47954
60 250 1.03848
65 250 0.681797
70 250 0.415176
75 250 0.232054
80 250 0.117519
0 255 2.93429
5 255 3.43076
10 255 3.83187
15 255 4.09472
20 255 4.18981
25 255 4.10572
30 255 3.8512
35 255 3.45385
40 255 2.95589
45 255 2.40761
50 255 1.85974
55 255 1.35615
60 255 0.928239
65 255 0.592113
70 255 0.348906
75 255 0.187858
80 255 0.091181
0 260 2.93429
5 260 3.44574
10 260 3.85621
15 260 4.11955
20 260 4.20475
25 260 4.10129
30 260 3.82102
35 260 3.39619
40 260 2.87418
45 260 2.30961
50 260 1.75576
55 260 1.25673
60 260 0.841944
65 260 0.524049
70 260 0.300284
75 260 0.156621
80 260 0.0733248
0 265 2.93429
5 265 3.45684
10 265 3.87391
15 265 4.13675
20 265 4.21332
25 265 4.09398
30 265 3.79325
35 265 3.34724
40 265 2.80742
45 265 2.23167
50 265 1.675
55 265 1.18126
60 265 0.777964
65 265 0.474844
70 265 0.266089
75 265 0.135311
80 265 0.0615496
0 270 2.93429
5 270 3.46402
10 270 3.88504
15 270 4.14683
20 270 4.21673
25 270 4.08581
30 270 3.77058
35 270 3.30999
40 270 2.75833
45 270 2.17572
50 270 1.61814
55 270 1.12908
60 270 0.734538
65 270 0.442082
70 270 0.243787
75 270 0.121725
80 270 0.0542293
0 275 2.93429
5 275 3.46725
10 275 3.88969
15 275 4.15023
20 275 4.21588
25 275 4.07821
30 275 3.75489
35 275 3.28641
40 275 2.72859
45 275 2.14274
50 275 1.58529
55 275 1.09942
60 275 0.710196
65 275 0.423961
70 275 0.231616
75 275 0.114412
80 275 0.0503478
0 280 2.93429
5 280 3.46652
10 280 3.88793
15 280 4.14714
20 280 4.21125
25 280 4.07196
30 280 3.74713
35 280 3.27746
40 280 2.719
45 280 2.13314
50 280 1.57635
55 280 1.09168
60 280 0.704009
65 280 0.419417
70 280 0.228577
75 280 0.112582
80 280 0.0493682
0 285 2.93429
5 285 3.46184
10 285 3.87978
15 285 4.13763
20 285 4.20293
25 285 4.06715
30 285 3.7474
35 285 3.28324
40 285 2.72956
45 285 2.14685
50 285 1.59114
55 285 1.10562
60 285 0.715676
65 285 0.428146
70 285 0.234404
75 285 0.116029
80 285 0.0511549
0 290 2.93429
5 290 3.45323
10 290 3.86523
15 290 4.12158
20 290 4.19058
25 290 4.06323
30 290 3.75495
35 290 3.30291
40 290 2.75952
45 290 2.18334
50 290 1.62947
55 290 1.14134
60 290 0.74555
65 290 0.450611
70 290 0.249551
75 290 0.125116
80 290 0.0559503
0 295 2.93429
5 295 3.44075
10 295 3.84425
15 295 4.09869
20 295 4.1735
25 295 4.05898
30 295 3.76817
35 295 3.33472
40 295 2.80732
45 295 2.24155
50 295 1.69097
55 295 1.19922
60 295 0.794538
65 295 0.487997
70 295 0.275189
75 295 0.140799
80 295 0.0644091
0 300 2.93429
5 300 3.42444
10 300 3.8168
15 300 4.06854
20 300 4.15061
25 300 4.05258
30 300 3.78459
35 300 3.37591
40 300 2.87042
45 300 2.31965
50 300 1.77489
55 300 1.2796
60 300 0.86393
65 300 0.542113
70 300 0.313206
75 300 0.164686
80 300 0.077683
0 305 2.93429
5 305 3.40441
10 305 3.78283
15 305 4.03059
20 305 4.12055
25 305 4.04166
30 305 3.80094
35 305 3.42269
40 305 2.94512
45 305 2.41474
50 305 1.8796
55 305 1.3824
60 305 0.955017
65 305 0.61518
70 305 0.366144
75 305 0.1991
80 305 0.0975442
0 310 2.93429
5 310 3.38076
10 310 3.74229
15 310 3.98423
20 310 4.08174
25 310 4.02341
30 310 3.81318
35 310 3.47017
40 310 3.02636
45 310 2.52241
50 310 2.00211
55 310 1.50649
60 310 1.06853
65 310 0.709388
70 310 0.436977
75 310 0.247065
80 310 0.126505
0 315 2.93429
5 315 3.35361
10 315 3.69516
15 315 3.92887
20 315 4.0325
25 315 3.99469
30 315 3.81663
35 315 3.51241
40 315 3.1076
45 315 2.63639
50 315 2.13739
55 315 1.64882
60 315 1.20375
65 315 0.826142
70 315 0.52859
75 315 0.31207
80 315 0.167837
0 320 2.93429
5 320 3.32312
10 320 3.64149
15 320 3.86395
20 320 3.97118
25 320 3.95226
30 320 3.80621
35 320 3.54258
40 320 3.18076
45 320 2.74825
50 320 2.27775
55 320 1.8035
60 320 1.35731
65 320 0.964843
70 320 0.642751
75 320 0.397389
80 320 0.225279
0 325 2.93429
5 325 3.28947
10 325 3.58136
15 325 3.78906
20 325 3.89626
25 325 3.89296
30 325 3.77672
35 325 3.55328
40 325 3.23651
45 325 2.84743
50 325 2.41247
55 325 1.96093
60 325 1.52194
65 325 1.12128
70 325 0.778474
75 325 0.504712
80 325 0.302131
0 330 2.93429
5 330 3.25289
10 330 3.51497
15 330 3.70395
20 330 3.80654
25 330 3.81403
30 330 3.72323
35 330 3.53705
40 330 3.26477
45 330 2.92161
50 330 2.52786
55 330 2.10733
60 330 1.68526
65 330 1.28589
70 330 0.929848
75 330 0.631907
80 330 0.399366
0 335 2.93429
5 335 3.21359
10 335 3.44261
15 335 3.60861
20 335 3.70124
25 335 3.71333
30 335 3.64159
35 335 3.4871
40 335 3.25567
45 335 2.95775
50 335 2.60815
55 335 2.22522
60 335 1.82958
65 335 1.44251
70 335 1.08393
75 335 0.770284
80 335 0.512734
0 340 2.93429
5 340 3.17186
10 340 3.36466
15 340 3.50331
20 340 3.58014
25 340 3.58963
30 340 3.52891
35 340 3.39811
40 340 3.20072
45 340 2.94367
50 340 2.63732
55 340 2.29517
60 340 1.9332
65 340 1.56888
70 340 1.2199
75 340 0.902474
80 340 0.629654
0 345 2.93429
5 345 3.128
10 345 3.28163
15 345 3.38865
20 345 3.4437
25 345 3.44287
30 345 3.38404
35 345 3.26711
40 345 3.09425
45 345 2.8701
50 345 2.60183
55 345 2.29911
60 345 1.97385
65 345 1.6397
70 345 1.31129
75 345 1.00309
80 345 0.728123
0 350 2.93429
5 350 3.08232
10 350 3.19416
15 350 3.26554
20 350 3.29303
25 350 3.27421
30 350 3.20786
35 350 3.09412
40 350 2.93464
45 350 2.73281
50 350 2.49379
55 350 2.22464
60 350 1.93418
65 350 1.63283
70 350 1.33216
75 350 1.04423
80 350 0.780623
0 355 2.93429
5 355 3.03518
10 355 3.10296
15 355 3.13517
20 355 3.12994
25 355 3.08614
30 355 3.00347
35 355 2.88258
40 355 2.72518
45 355 2.53414
50 355 2.31365
55 355 2.0692
60 355 1.80764
65 355 1.53707
70 355 1.26657
75 355 1.0058
80 355 0.764381
