0 0 2.56756
5 0 2.637
10 0 2.67791
15 0 2.68861
20 0 2.66796
25 0 2.61541
30 0 2.53107
35 0 2.41586
40 0 2.27151
45 0 2.10074
50 0 1.90728
55 0 1.69592
60 0 1.47252
65 0 1.24387
70 0 1.01754
75 0 0.801439
80 0 0.603321
0 5 2.56756
5 5 2.57852
10 5 2.56268
15 5 2.51997
20 5 2.45077
25 5 2.35595
30 5 2.23689
35 5 2.09556
40 5 1.93453
45 5 1.75699
50 5 1.56682
55 5 1.36852
60 5 1.16719
65 5 0.968356
70 5 0.777818
75 5 0.601286
80 5 0.443986
0 10 2.56756
5 10 2.51994
10 10 2.44731
15 10 2.35107
20 10 2.233
25 10 2.0953
30 10 1.94056
35 10 1.77181
40 10 1.59247
45 10 1.40634
50 10 1.21758
55 10 1.03058
60 10 0.849863
65 10 0.679908
70 10 0.5249
75 10 0.388445
80 10 0.273234
0 15 2.56756
5 15 2.46174
10 15 2.33306
15 15 2.18447
20 15 2.01926
25 15 1.84102
30 15 1.6536
35 15 1.46106
40 15 1.26758
45 15 1.07742
50 15 0.894743
55 15 0.723532
60 15 0.567356
65 15 0.429199
70 15 0.311229
75 15 0.214594
80 15 0.139259
0 20 2.56756
5 20 2.40443
10 20 2.22114
15 20 2.02255
20 20 1.81371
25 20 1.59975
30 20 1.38575
35 20 1.17663
40 20 0.977049
45 20 0.79118
50 20 0.6226
55 20 0.474096
60 20 0.347507
65 20 0.243598
70 20 0.161982
75 20 0.101133
80 20 0.0585197
0 25 2.56756
5 25 2.34845
10 25 2.11267
15 25 1.86745
20 25 1.61988
25 25 1.37671
30 25 1.14409
35 25 0.927423
40 25 0.731128
45 25 0.558497
50 25 0.411544
55 25 0.290934
60 25 0.195982
65 25 0.124747
70 25 0.0742441
75 25 0.0407706
80 25 0.0203105
0 30 2.56756
5 30 2.29428
10 30 2.00868
15 30 1.72094
20 30 1.44044
25 30 1.17545
30 30 0.932784
35 30 0.717568
40 30 0.533067
45 30 0.380626
50 30 0.259728
55 30 0.168179
60 30 0.102439
65 30 0.0580606
70 30 0.0302063
75 30 0.0141779
80 30 0.00587247
0 35 2.56756
5 35 2.24231
10 35 1.91007
15 35 1.58442
20 35 1.27719
25 35 0.99785
30 35 0.753169
35 35 0.547031
40 35 0.380462
45 35 0.251888
50 35 0.15759
55 35 0.0923356
60 35 0.0501066
65 35 0.0248352
70 35 0.0110484
75 35 0.0043145
80 35 0.00143734
0 40 2.56756
5 40 2.19296
10 40 1.81758
15 40 1.4589
20 40 1.13108
25 40 0.844274
30 40 0.604297
35 40 0.412711
40 40 0.267327
45 40 0.163012
50 40 0.0927305
55 40 0.048659
60 40 0.0232262
65 40 0.00991016
70 40 0.00369734
75 40 0.00117271
80 40 0.000304945
0 45 2.56756
5 45 2.14658
10 45 1.73183
15 45 1.34498
20 45 1.0023
25 45 0.713889
30 45 0.483599
35 45 0.309703
40 45 0.186126
45 45 0.104024
50 45 0.0534664
55 45 0.0249264
60 45 0.0103611
65 45 0.00375814
70 45 0.00115746
75 45 0.000292314
80 45 5.78585e-005
0 50 2.56756
5 50 2.10349
10 50 1.65329
15 50 1.24296
20 50 0.890452
25 50 0.605007
30 50 0.387584
35 50 0.232436
40 50 0.129342
45 50 0.066064
50 50 0.0305611
55 50 0.0125936
60 50 0.00452819
65 50 0.00138417
70 50 0.000348013
75 50 6.89788e-005
80 50 1.02001e-005
0 55 2.56756
5 55 2.06399
10 55 1.58231
15 55 1.15282
20 55 0.794679
25 55 0.515439
30 55 0.312428
35 55 0.17549
40 55 0.0904063
45 55 0.0421753
50 55 0.017539
55 55 0.00637612
60 55 0.00197748
65 55 0.000507344
70 55 0.000103538
75 55 1.59805e-005
80 55 1.74656e-006
0 60 2.56756
5 60 2.02832
10 60 1.51913
15 60 1.07437
20 60 0.713852
25 60 0.442796
30 60 0.25441
35 60 0.134093
40 60 0.0640709
45 60 0.027349
50 60 0.0102419
55 60 0.00329002
60 60 0.000881309
65 60 0.000189966
70 60 3.14823e-005
75 60 3.78238e-006
80 60 3.05048e-007
0 65 2.56756
5 65 1.99671
10 65 1.46388
15 65 1.00723
20 65 0.646708
25 65 0.384716
30 65 0.210183
35 65 0.104318
40 65 0.04641
45 65 0.0182047
50 65 0.00616861
55 65 0.00176016
60 65 0.000409619
65 65 7.46571e-005
70 65 1.01185e-005
75 65 9.53647e-007
80 65 5.72362e-008
0 70 2.56756
5 70 1.96934
10 70 1.41663
15 70 0.950954
20 70 0.591958
25 70 0.339025
30 70 0.176908
35 70 0.0831044
40 70 0.0346284
45 70 0.0125671
50 70 0.00388309
55 70 0.000993053
60 70 0.000202848
65 70 3.16359e-005
70 70 3.5554e-006
75 70 2.67133e-007
80 70 1.21586e-008
0 75 2.56756
5 75 1.94636
10 75 1.37739
15 75 0.905052
20 75 0.5484
25 75 0.303824
30 75 0.152284
35 75 0.0681607
40 75 0.0268092
45 75 0.00908382
50 75 0.00258687
55 75 0.000600361
60 75 0.00010923
65 75 1.48304e-005
70 75 1.41054e-006
75 75 8.65686e-008
80 75 3.07668e-009
0 80 2.56756
5 80 1.9279
10 80 1.34616
15 80 0.86906
20 80 0.514965
25 80 0.277541
30 80 0.134525
35 80 0.0578327
40 80 0.0216764
45 80 0.00693475
50 80 0.00184441
55 80 0.000394593
60 80 6.51438e-005
65 80 7.87237e-006
70 80 6.50691e-007
75 80 3.36791e-008
80 80 9.71657e-010
0 85 2.56756
5 85 1.91406
10 85 1.32289
15 85 0.842566
20 85 0.490767
25 85 0.258939
30 85 0.122305
35 85 0.0509675
40 85 0.0184047
45 85 0.00563234
50 85 0.00142089
55 85 0.000285436
60 85 4.37105e-005
65 85 4.827e-006
70 85 3.57912e-007
75 85 1.62375e-008
80 85 3.98656e-010
0 90 2.56756
5 90 1.9049
10 90 1.30755
15 90 0.825236
20 90 0.475132
25 90 0.247114
30 90 0.114697
35 90 0.0468012
40 90 0.0164804
45 90 0.00489458
50 90 0.00119155
55 90 0.000229433
60 90 3.34031e-005
65 90 3.47239e-006
70 90 2.3941e-007
75 90 9.94564e-009
80 90 2.1928e-010
0 95 2.56756
5 95 1.90047
10 95 1.3001
15 95 0.81684
20 95 0.467603
25 95 0.241477
30 95 0.111118
35 95 0.0448743
40 95 0.0156085
45 95 0.00456856
50 95 0.0010932
55 95 0.000206255
60 95 2.93143e-005
65 95 2.96146e-006
70 95 1.97344e-007
75 95 7.86978e-009
80 95 1.65152e-010
0 100 2.56756
5 100 1.90079
10 100 1.30054
15 100 0.81727
20 100 0.467961
25 100 0.241743
30 100 0.111292
35 100 0.0449744
40 100 0.0156577
45 100 0.0045888
50 100 0.00109995
55 100 0.00020802
60 100 2.966e-005
65 100 3.00932e-006
70 100 2.01703e-007
75 100 8.10719e-009
80 100 1.71968e-010
0 105 2.56756
5 105 1.90586
10 105 1.30886
15 105 0.826531
20 105 0.476221
25 105 0.247926
30 105 0.115234
35 105 0.0471121
40 105 0.0166349
45 105 0.00495903
50 105 0.00121344
55 105 0.000235279
60 105 3.45783e-005
65 105 3.64043e-006
70 105 2.55331e-007
75 105 1.08554e-008
80 105 2.46994e-010
0 110 2.56756
5 110 1.91567
10 110 1.32509
15 110 0.844755
20 110 0.492628
25 110 0.26034
30 110 0.123244
35 110 0.051521
40 110 0.0186863
45 110 0.00575315
50 110 0.00146338
55 110 0.000297279
60 110 4.62169e-005
65 110 5.20873e-006
70 110 3.9696e-007
75 110 1.86888e-008
80 110 4.82535e-010
0 115 2.56756
5 115 1.93016
10 115 1.34928
15 115 0.872195
20 115 0.51766
25 115 0.279603
30 115 0.135937
35 115 0.0586867
40 115 0.0221255
45 115 0.00713554
50 115 0.00191871
55 115 0.000416619
60 115 7.01691e-005
65 115 8.71084e-006
70 115 7.46537e-007
75 115 4.05739e-008
80 115 1.25073e-009
0 120 2.56756
5 120 1.94927
10 120 1.38145
15 120 0.909193
20 120 0.552022
25 120 0.306654
30 120 0.154273
35 120 0.0694053
40 120 0.027492
45 120 0.00940559
50 120 0.00271389
55 120 0.000641104
60 120 0.000119457
65 120 1.67467e-005
70 120 1.66277e-006
75 120 1.08133e-007
80 120 4.15642e-009
0 125 2.56756
5 125 1.97289
10 125 1.42167
15 125 0.956187
20 125 0.596631
25 125 0.34277
30 125 0.179623
35 125 0.084872
40 125 0.0356479
45 125 0.0130782
50 125 0.00410082
55 125 0.00106969
60 125 0.000224377
65 125 3.62591e-005
70 125 4.27359e-006
75 125 3.42292e-007
80 125 1.69841e-008
0 130 2.56756
5 130 2.00092
10 130 1.46995
15 130 1.01366
20 130 0.652588
25 130 0.389564
30 130 0.213824
35 130 0.106797
40 130 0.0479219
45 130 0.0190171
50 130 0.00654539
55 130 0.00190722
60 130 0.000456442
65 130 8.63598e-005
70 130 1.23037e-005
75 130 1.23976e-006
80 130 8.14133e-008
0 135 2.56756
5 135 2.03317
10 135 1.52629
15 135 1.08213
20 135 0.721133
25 135 0.448988
30 135 0.259243
35 135 0.137545
40 135 0.0663065
45 135 0.0286427
50 135 0.010899
55 135 0.00357637
60 135 0.000985526
65 135 0.000220579
70 135 3.84332e-005
75 135 4.93663e-006
80 135 4.3547e-007
0 140 2.56756
5 140 2.06948
10 140 1.59061
15 140 1.16204
20 140 0.803587
25 140 0.523275
30 140 0.318797
35 140 0.180274
40 140 0.0937021
45 140 0.0442342
50 140 0.0186871
55 140 0.0069367
60 140 0.00221154
65 140 0.000588498
70 140 0.000126053
75 140 2.0747e-005
80 140 2.47074e-006
0 145 2.56756
5 145 2.10962
10 145 1.66279
15 145 1.2538
20 145 0.901254
25 145 0.614852
30 145 0.395929
35 145 0.23903
40 145 0.134178
45 145 0.069325
50 145 0.0325572
55 145 0.013685
60 145 0.00505059
65 145 0.00159772
70 145 0.000420269
75 145 8.84283e-005
80 145 1.41564e-005
0 150 2.56756
5 150 2.15334
10 150 1.74258
15 150 1.35762
20 150 1.01531
25 150 0.72618
30 150 0.494469
35 150 0.318739
40 150 0.193171
45 150 0.109141
50 150 0.056895
55 150 0.0270171
60 150 0.0115027
65 150 0.00430491
70 150 0.00138133
75 150 0.000368152
80 150 7.82422e-005
0 155 2.56756
5 155 2.20034
10 155 1.82964
15 155 1.47352
20 155 1.14663
25 155 0.859528
30 155 0.61837
35 155 0.425004
40 155 0.277493
45 155 0.170937
50 155 0.0985111
55 155 0.0525639
60 155 0.0256374
65 155 0.0112487
70 155 0.00435175
75 155 0.00144715
80 155 0.000400413
0 160 2.56756
5 160 2.25028
10 160 1.92348
15 160 1.60121
20 160 1.29566
25 160 1.01666
30 160 0.771264
35 160 0.56361
40 160 0.394958
45 160 0.263955
50 160 0.167107
55 160 0.0993942
60 160 0.0549792
65 160 0.0279266
70 160 0.0128215
75 160 0.00521527
80 160 0.00183211
0 165 2.56756
5 165 2.30281
10 165 2.02349
15 165 1.74008
20 165 1.46224
25 165 1.19848
30 165 0.955864
35 165 0.739702
40 165 0.553452
45 165 0.39865
50 165 0.274981
55 165 0.18047
60 165 0.111801
65 165 0.064736
70 165 0.0346071
75 165 0.0168184
80 165 0.00728556
0 170 2.56756
5 170 2.35752
10 170 2.12889
15 170 1.8891
20 170 1.64541
25 170 1.40469
30 170 1.17326
35 170 0.956629
40 170 0.759355
45 170 0.584848
50 170 0.435282
55 170 0.311498
60 170 0.213026
65 170 0.138168
70 170 0.0841937
75 170 0.047633
80 170 0.0246476
0 175 2.56756
5 175 2.41398
10 175 2.23878
15 175 2.04687
20 175 1.84336
25 175 1.63342
30 175 1.4222
35 175 1.21465
40 175 1.01545
45 175 0.828823
50 175 0.658412
55 175 0.5071
60 175 0.376873
65 175 0.268699
70 175 0.182458
75 175 0.116934
80 175 0.0699246
0 180 2.56756
5 180 2.47174
10 180 2.35209
15 180 2.21155
20 180 2.05337
25 180 1.88111
30 180 1.69858
35 180 1.50976
40 180 1.31878
45 180 1.12982
50 180 0.947
55 180 0.774261
60 180 0.615193
65 180 0.472869
70 180 0.349632
75 180 0.246916
80 180 0.165072
0 185 2.56756
5 185 2.53031
10 185 2.46767
15 185 2.38096
20 185 2.27185
25 185 2.14245
30 185 1.99523
35 185 1.83306
40 185 1.65918
45 185 1.47721
50 185 1.29109
55 185 1.10503
60 185 0.923367
65 185 0.750481
70 185 0.590549
75 185 0.447306
80 185 0.323758
0 190 2.56756
5 190 2.58921
10 190 2.58429
15 190 2.55264
20 190 2.49452
25 190 2.41065
30 190 2.30222
35 190 2.17097
40 190 2.01919
45 190 1.84973
50 190 1.6661
55 190 1.47239
60 190 1.27328
65 190 1.07392
70 190 0.879843
75 190 0.696628
80 190 0.529627
0 195 2.56756
5 195 2.64792
10 195 2.70064
15 195 2.72395
20 195 2.7166
25 195 2.67787
30 195 2.60765
35 195 2.50651
40 195 2.37581
45 195 2.21775
50 195 2.03545
55 195 1.83304
60 195 1.61565
65 195 1.38936
70 195 1.1611
75 195 0.938391
80 195 0.728901
0 200 2.56756
5 200 2.70596
10 200 2.81541
15 200 2.89221
20 200 2.93319
25 200 2.93593
30 200 2.89885
35 200 2.82134
40 200 2.70393
45 200 2.54843
50 200 2.35808
55 200 2.13767
60 200 1.89354
65 200 1.63357
70 200 1.36694
75 200 1.10381
80 200 0.854604
0 205 2.56756
5 205 2.76282
10 205 2.92735
15 205 3.05479
20 205 3.13955
25 205 3.17702
30 205 3.16389
35 205 3.09838
40 205 2.98052
45 205 2.81237
50 205 2.59828
55 205 2.34491
60 205 2.06129
65 205 1.75854
70 205 1.44949
75 205 1.14782
80 205 0.867067
0 210 2.56756
5 210 2.81803
10 210 3.03524
15 210 3.20934
20 210 3.33149
25 210 3.3944
30 210 3.39287
35 210 3.32416
40 210 3.18853
45 210 2.98951
50 210 2.7341
55 210 2.43275
60 210 2.09907
65 210 1.74914
70 210 1.40047
75 210 1.07053
80 210 0.775049
0 215 2.56756
5 215 2.87112
10 215 3.13798
15 215 3.35377
20 215 3.5056
25 215 3.58304
30 215 3.57901
35 215 3.49054
40 215 3.31938
45 215 3.07234
50 215 2.76127
55 215 2.40259
60 215 2.01629
65 215 1.6244
70 215 1.24901
75 215 0.909944
80 215 0.622412
0 220 2.56756
5 220 2.92166
10 220 3.23461
15 220 3.48647
20 220 3.65951
25 220 3.73992
30 220 3.71919
35 220 3.59532
40 220 3.37343
45 220 3.06592
50 220 2.6918
55 220 2.27531
60 220 1.84373
65 220 1.4246
70 220 1.04268
75 220 0.716922
80 220 0.458328
0 225 2.56756
5 225 2.96924
10 225 3.32433
15 225 3.60628
20 225 3.79193
25 225 3.86415
30 225 3.81394
35 225 3.64189
40 225 3.3588
45 225 2.98499
50 225 2.54857
55 225 2.08245
60 225 1.62062
65 225 1.19401
70 225 0.826608
75 225 0.532748
80 225 0.315963
0 230 2.56756
5 230 3.01353
10 230 3.40648
15 230 3.7125
20 230 3.90266
25 230 3.95687
30 230 3.86692
35 230 3.63802
40 230 3.28888
45 230 2.84972
50 230 2.3587
55 230 1.85694
60 230 1.38307
65 230 0.968052
70 230 0.631463
75 230 0.379932
80 230 0.208154
0 235 2.56756
5 235 3.05415
10 235 3.48059
15 235 3.80495
20 235 3.99247
25 235 4.02086
30 235 3.88417
35 235 3.59425
40 235 3.1796
45 235 2.68148
50 235 2.1479
55 235 1.62647
60 235 1.15745
65 235 0.768393
70 235 0.47154
75 235 0.264474
80 235 0.133679
0 240 2.56756
5 240 3.09086
10 240 3.54634
15 240 3.88382
20 240 4.06292
25 240 4.06011
30 240 3.87318
35 240 3.52228
40 240 3.04695
45 240 2.49964
50 240 1.93697
55 240 1.41054
60 240 0.959114
65 240 0.604098
70 240 0.348971
75 240 0.182635
80 240 0.0852846
0 245 2.56756
5 245 3.12339
10 245 3.60352
15 245 3.94962
20 245 4.11617
25 245 4.07932
30 245 3.84196
35 245 3.43362
40 245 2.90528
45 245 2.31981
50 245 1.74056
55 245 1.22044
60 245 0.79422
65 245 0.475592
70 245 0.259288
75 245 0.12702
80 245 0.0550075
0 250 2.56756
5 250 3.15152
10 250 3.65208
15 250 4.00312
20 250 4.15467
25 250 4.08347
30 250 3.79834
35 250 3.33864
40 250 2.76633
45 250 2.15335
50 250 1.56757
55 250 1.06101
60 250 0.66285
65 250 0.378755
70 250 0.195728
75 250 0.0902086
80 250 0.036446
0 255 2.56756
5 255 3.17511
10 255 3.69204
15 255 4.04522
20 255 4.181
25 255 4.07738
30 255 3.74944
35 255 3.24604
40 255 2.63904
45 255 2.00765
50 255 1.42238
55 255 0.932767
60 255 0.561855
65 255 0.307906
70 255 0.151709
75 255 0.0662304
80 255 0.0251592
0 260 2.56756
5 260 3.19399
10 260 3.72346
15 260 4.07684
20 260 4.19761
25 260 4.06543
30 260 3.70133
35 260 3.1627
40 260 2.52971
45 260 1.88705
50 260 1.30631
55 260 0.833867
60 260 0.486932
65 260 0.257534
70 260 0.121856
75 260 0.0508058
80 260 0.0183173
0 265 2.56756
5 265 3.20808
10 265 3.74645
15 265 4.09886
20 265 4.2067
25 265 4.05131
30 265 3.65888
35 265 3.09374
40 265 2.44251
45 265 1.79367
50 265 1.21895
55 265 0.761584
60 265 0.433871
65 265 0.223076
70 265 0.102208
75 265 0.0410812
80 265 0.0142077
0 270 2.56756
5 270 3.2173
10 270 3.76114
15 270 4.11202
20 270 4.21003
25 270 4.03794
30 270 3.62572
35 270 3.04273
40 270 2.37997
45 270 1.7283
50 270 1.15915
55 270 0.713213
60 270 0.399203
65 270 0.201142
70 270 0.0900542
75 270 0.0352565
80 270 0.0118333
0 275 2.56756
5 275 3.22159
10 275 3.76761
15 275 4.11687
20 275 4.20887
25 275 4.02728
30 275 3.60425
35 275 3.01187
40 275 2.34347
45 275 1.69105
50 275 1.12572
55 275 0.686619
60 275 0.380452
65 275 0.189474
70 275 0.0837037
75 275 0.0322715
80 275 0.0106425
0 280 2.56756
5 280 3.22095
10 280 3.76594
15 280 4.11373
20 280 4.20394
25 280 4.02045
30 280 3.59573
35 280 3.00222
40 280 2.33355
45 280 1.68175
50 280 1.11779
55 280 0.680503
60 280 0.376207
65 280 0.186847
70 280 0.0822714
75 280 0.0315935
80 280 0.0103691
0 285 2.56756
5 285 3.2154
10 285 3.75616
15 285 4.10268
20 285 4.19533
25 285 4.01753
30 285 3.60025
35 285 3.01386
40 285 2.35015
45 285 1.70021
50 285 1.13507
55 285 0.694511
60 285 0.386123
65 285 0.192976
70 285 0.0855565
75 285 0.033103
80 285 0.0109536
0 290 2.56756
5 290 3.20496
10 290 3.73826
15 290 4.08353
20 290 4.18256
25 290 4.01775
30 290 3.61681
35 290 3.04579
40 290 2.39261
45 290 1.74624
50 290 1.17785
55 290 0.729242
60 290 0.410904
65 290 0.208487
70 290 0.0940114
75 290 0.0370674
80 290 0.0125256
0 295 2.56756
5 295 3.18968
10 295 3.71221
15 295 4.05585
20 295 4.16456
25 295 4.01934
30 295 3.64327
35 295 3.09601
40 295 2.45958
45 295 1.8195
50 295 1.24681
55 295 0.786154
60 295 0.452291
65 295 0.234962
70 295 0.108801
75 295 0.0441967
80 295 0.0154416
0 300 2.56756
5 300 3.16967
10 300 3.67794
15 300 4.01901
20 300 4.13975
25 300 4.01971
30 300 3.67631
35 300 3.16121
40 300 2.54865
45 300 1.9191
50 300 1.34277
55 300 0.867343
60 300 0.512989
65 300 0.275002
70 300 0.131948
75 300 0.0557892
80 300 0.0203894
0 305 2.56756
5 305 3.14504
10 305 3.63541
15 305 3.97226
20 305 4.10616
25 305 4.01543
30 305 3.71145
35 305 3.2367
40 305 2.656
45 305 2.0431
50 305 1.46604
55 305 0.975116
60 305 0.596482
65 305 0.332278
70 305 0.16653
75 305 0.0739675
80 305 0.0285789
0 310 2.56756
5 310 3.11594
10 310 3.58457
15 310 3.91476
20 310 4.06147
25 310 4.0024
30 310 3.74301
35 310 3.31612
40 310 2.77593
45 310 2.18771
50 310 1.61555
55 310 1.1112
60 310 0.706527
65 310 0.411397
70 310 0.216844
75 310 0.101986
80 310 0.0420429
0 315 2.56756
5 315 3.08255
10 315 3.52544
15 315 3.84568
20 315 4.00327
25 315 3.97606
30 315 3.76432
35 315 3.39142
40 315 2.90035
45 315 2.34641
50 315 1.78775
55 315 1.27552
60 315 0.846176
65 315 0.517351
70 315 0.288334
75 315 0.144507
80 315 0.0640353
0 320 2.56756
5 320 3.04509
10 320 3.45812
15 320 3.76432
20 320 3.9292
25 320 3.93167
30 320 3.76796
35 320 3.45293
40 320 3.01853
45 320 2.50921
50 320 1.97515
55 320 1.46449
60 320 1.01605
65 320 0.654197
70 320 0.386919
75 320 0.207553
80 320 0.099396
0 325 2.56756
5 325 3.00382
10 325 3.3828
15 325 3.67017
20 325 3.83717
25 325 3.86467
30 325 3.74625
35 325 3.48983
40 325 3.11729
45 325 2.66211
50 325 2.16515
55 325 1.66895
60 325 1.21185
65 325 0.822637
70 325 0.517163
75 325 0.297588
80 325 0.154461
0 330 2.56756
5 330 2.95902
10 330 3.29982
15 330 3.56303
20 330 3.72561
25 330 3.77111
30 330 3.69195
35 330 3.49094
40 330 3.18164
45 330 2.78747
50 330 2.3394
55 330 1.87247
60 330 1.42149
65 330 1.01648
70 330 0.678829
75 330 0.418885
80 330 0.23567
0 335 2.56756
5 335 2.91104
10 335 3.20963
15 335 3.44308
20 335 3.5937
25 335 3.64816
30 335 3.59904
35 335 3.44599
40 335 3.19642
45 335 2.86538
50 335 2.47463
55 335 2.05085
60 335 1.62294
65 335 1.21883
70 335 0.862013
75 335 0.568663
80 335 0.345737
0 340 2.56756
5 340 2.86021
10 340 3.11288
15 340 3.31094
20 340 3.44152
25 340 3.49454
30 340 3.46366
35 340 3.34714
40 340 3.14844
45 340 2.87649
50 340 2.54551
55 340 2.17425
60 340 1.78472
65 340 1.40017
70 340 1.04277
75 340 0.730948
80 340 0.477123
0 345 2.56756
5 345 2.80696
10 345 3.01033
15 345 3.16768
20 345 3.2702
25 345 3.31084
30 345 3.2849
35 345 3.19053
40 345 3.02918
45 345 2.80596
50 345 2.5297
55 345 2.21284
60 345 1.87092
65 345 1.52157
70 345 1.18319
75 345 0.873119
80 345 0.605662
0 350 2.56756
5 350 2.7517
10 350 2.90294
15 350 3.01485
20 350 3.08192
25 350 3.09971
30 350 3.06531
35 350 2.97752
40 350 2.8372
45 350 2.64752
50 350 2.41413
55 350 2.14521
60 350 1.85132
65 350 1.54509
70 350 1.24042
75 350 0.951537
80 350 0.69161
0 355 2.56756
5 355 2.69489
10 355 2.79174
15 355 2.85441
20 355 2.87985
25 355 2.8658
30 355 2.81098
35 355 2.71518
40 355 2.57954
45 355 2.40659
50 355 2.20049
55 355 1.96705
60 355 1.71374
65 355 1.44954
70 355 1.1846
75 355 0.929685
80 355 0.695319
