0 0 0
5 0 0
10 0 0
15 0 0.539108
20 0 0.527185
25 0 0.500227
30 0 0.432524
35 0 0.372525
40 0 0.290988
45 0 0.197969
50 0 0.150067
55 0 0.0992352
60 0 0.0631948
65 0 0.035079
70 0 0
75 0 0
80 0 0
0 5 0
5 5 0
10 5 0
15 5 0
20 5 0.521618
25 5 0.499988
30 5 0.445973
35 5 0.398071
40 5 0.319108
45 5 0.235352
50 5 0.185523
55 5 0.142568
60 5 0.0911057
65 5 0.0602703
70 5 0.0231296
75 5 0.0166887
80 5 0.0261635
0 10 0
5 10 0
10 10 0
15 10 0
20 10 0.525121
25 10 0.507051
30 10 0.449858
35 10 0.398942
40 10 0.334923
45 10 0.258596
50 10 0.192112
55 10 0.155511
60 10 0.108082
65 10 0.068382
70 10 0.0350868
75 10 0.0275066
80 10 0.0327009
0 15 0
5 15 0
10 15 0
15 15 0
20 15 0.518597
25 15 0.513837
30 15 0.449056
35 15 0.403413
40 15 0.34267
45 15 0.273573
50 15 0.226766
55 15 0.171065
60 15 0.127274
65 15 0.0839172
70 15 0.0485526
75 15 0.0386875
80 15 0.0479346
0 20 0
5 20 0
10 20 0
15 20 0
20 20 0.519521
25 20 0.515509
30 20 0.449965
35 20 0.408986
40 20 0.349314
45 20 0.294921
50 20 0.26022
55 20 0.203675
60 20 0.157786
65 20 0.111619
70 20 0.0795387
75 20 0.0581674
80 20 0.0675246
0 25 0
5 25 0
10 25 0
15 25 0
20 25 0.514277
25 25 0.511806
30 25 0.45496
35 25 0.404362
40 25 0.366224
45 25 0.316096
50 25 0.286994
55 25 0.235841
60 25 0.171475
65 25 0.15019
70 25 0.116174
75 25 0.0857707
80 25 0.0940898
0 30 0
5 30 0
10 30 0
15 30 0
20 30 0.509416
25 30 0.512803
30 30 0.464771
35 30 0.402591
40 30 0.380557
45 30 0.346064
50 30 0.307278
55 30 0.27624
60 30 0.230624
65 30 0.183137
70 30 0.169616
75 30 0.159868
80 30 0.125155
0 35 0
5 35 0
10 35 0
15 35 0
20 35 0.508073
25 35 0.522366
30 35 0.481825
35 35 0.41029
40 35 0.388967
45 35 0.37499
50 35 0.349021
55 35 0.302156
60 35 0.281581
65 35 0.257028
70 35 0.215946
75 35 0.222664
80 35 0.250531
0 40 0
5 40 0
10 40 0
15 40 0
20 40 0.496355
25 40 0.515487
30 40 0.494306
35 40 0.419292
40 40 0.387781
45 40 0.394229
50 40 0.372521
55 40 0.359663
60 40 0.336119
65 40 0.329251
70 40 0.311167
75 40 0.270998
80 40 0.277966
0 45 0
5 45 0
10 45 0
15 45 0
20 45 0.485484
25 45 0.509273
30 45 0.502604
35 45 0.439731
40 45 0.405572
45 45 0.388069
50 45 0.424552
55 45 0.428905
60 45 0.416978
65 45 0.421094
70 45 0.374203
75 45 0.366221
80 45 0.36191
0 50 0
5 50 0
10 50 0
15 50 0
20 50 0
25 50 0.498547
30 50 0.501028
35 50 0.461019
40 50 0.408073
45 50 0.385491
50 50 0.426497
55 50 0.479937
60 50 0.496662
65 50 0.514282
70 50 0.507344
75 50 0.448466
80 50 0.462426
0 55 0
5 55 0
10 55 0
15 55 0
20 55 0
25 55 0.479942
30 55 0.490756
35 55 0.472147
40 55 0.415454
45 55 0.396992
50 55 0.426968
55 55 0.489833
60 55 0.540989
65 55 0.568503
70 55 0.594674
75 55 0.608871
80 55 0.616137
0 60 0
5 60 0
10 60 0
15 60 0
20 60 0
25 60 0.46607
30 60 0.474755
35 60 0.478365
40 60 0.440726
45 60 0.405689
50 60 0.445824
55 60 0.495761
60 60 0.573839
65 60 0.593657
70 60 0.661222
75 60 0.730693
80 60 0.776223
0 65 0
5 65 0
10 65 0
15 65 0
20 65 0
25 65 0.459501
30 65 0.458084
35 65 0.457266
40 65 0.444443
45 65 0.43465
50 65 0.454567
55 65 0.494891
60 65 0.580324
65 65 0.685494
70 65 0.754544
75 65 0.812285
80 65 0.947443
0 70 0
5 70 0
10 70 0
15 70 0
20 70 0
25 70 0.454486
30 70 0.449322
35 70 0.440927
40 70 0.438786
45 70 0.453797
50 70 0.488387
55 70 0.529191
60 70 0.568121
65 70 0.644982
70 70 0.725714
75 70 0.86922
80 70 1.06952
0 75 0
5 75 0
10 75 0
15 75 0
20 75 0
25 75 0.439282
30 75 0.445984
35 75 0.42846
40 75 0.40619
45 75 0.415844
50 75 0.472813
55 75 0.5126
60 75 0.551435
65 75 0.639946
70 75 0.683697
75 75 0.789242
80 75 0.849568
0 80 0
5 80 0
10 80 0
15 80 0
20 80 0
25 80 0.423204
30 80 0.419586
35 80 0.39861
40 80 0.369423
45 80 0.366141
50 80 0.404424
55 80 0.436445
60 80 0.46375
65 80 0.53227
70 80 0.593566
75 80 0.666725
80 80 0.712335
0 85 0
5 85 0
10 85 0
15 85 0
20 85 0
25 85 0.398814
30 85 0.385113
35 85 0.362679
40 85 0.325552
45 85 0.314568
50 85 0.328044
55 85 0.339898
60 85 0.354997
65 85 0.357398
70 85 0.368766
75 85 0.367278
80 85 0.359879
0 90 0
5 90 0
10 90 0
15 90 0
20 90 0
25 90 0.374352
30 90 0.357693
35 90 0.334686
40 90 0.290282
45 90 0.256164
50 90 0.24777
55 90 0.237161
60 90 0.232199
65 90 0.237058
70 90 0.253527
75 90 0.207631
80 90 0.167158
0 95 0
5 95 0
10 95 0
15 95 0
20 95 0
25 95 0.408915
30 95 0.374414
35 95 0.345145
40 95 0.299657
45 95 0.256759
50 95 0.213586
55 95 0.202728
60 95 0.19194
65 95 0.165869
70 95 0.139417
75 95 0.116418
80 95 0.0844218
0 100 0
5 100 0
10 100 0
15 100 0
20 100 0
25 100 0.376347
30 100 0.332534
35 100 0.289985
40 100 0.232375
45 100 0.182196
50 100 0.150044
55 100 0.134135
60 100 0.0900058
65 100 0.0648208
70 100 0.0449816
75 100 0.031081
80 100 0.0117914
0 105 0
5 105 0
10 105 0
15 105 0
20 105 0
25 105 0.346449
30 105 0.293237
35 105 0.240963
40 105 0.183219
45 105 0.124621
50 105 0.0817042
55 105 0.0503855
60 105 0.0221392
65 105 0.00620142
70 105 0
75 105 0
80 105 0
0 110 0
5 110 0
10 110 0
15 110 0
20 110 0
25 110 0.319373
30 110 0.2605
35 110 0.192759
40 110 0.130217
45 110 0.0711164
50 110 0.0288042
55 110 0.00522064
60 110 0
65 110 0
70 110 0
75 110 0
80 110 0
0 115 0
5 115 0
10 115 0
15 115 0
20 115 0
25 115 0.294478
30 115 0.224118
35 115 0.143577
40 115 0.0839814
45 115 0.0284811
50 115 0
55 115 0
60 115 0
65 115 0
70 115 0
75 115 0
80 115 0
0 120 0
5 120 0
10 120 0
15 120 0
20 120 0
25 120 0.26707
30 120 0.184106
35 120 0.1047
40 120 0.0436375
45 120 0
50 120 0
55 120 0
60 120 0
65 120 0
70 120 0
75 120 0
80 120 0
0 125 0
5 125 0
10 125 0
15 125 0
20 125 0
25 125 0.242699
30 125 0.154131
35 125 0.0673653
40 125 0.0135551
45 125 0
50 125 0
55 125 0
60 125 0
65 125 0
70 125 0
75 125 0
80 125 0
0 130 0
5 130 0
10 130 0
15 130 0
20 130 0
25 130 0.221346
30 130 0.119713
35 130 0.038181
40 130 0
45 130 0
50 130 0
55 130 0
60 130 0
65 130 0
70 130 0
75 130 0
80 130 0
0 135 0
5 135 0
10 135 0
15 135 0
20 135 0.301935
25 135 0.202851
30 135 0.0873802
35 135 0.0189683
40 135 0
45 135 0
50 135 0
55 135 0
60 135 0
65 135 0
70 135 0
75 135 0
80 135 0
0 140 0
5 140 0
10 140 0
15 140 0
20 140 0.291516
25 140 0.176046
30 140 0.0678289
35 140 0.00771914
40 140 0
45 140 0
50 140 0
55 140 0
60 140 0
65 140 0
70 140 0
75 140 0
80 140 0
0 145 0
5 145 0
10 145 0
15 145 0
20 145 0.286597
25 145 0.157645
30 145 0.0580714
35 145 0
40 145 0
45 145 0
50 145 0
55 145 0
60 145 0
65 145 0
70 145 0
75 145 0
80 145 0
0 150 0
5 150 0
10 150 0
15 150 0
20 150 0.28494
25 150 0.142594
30 150 0.0504203
35 150 0
40 150 0
45 150 0
50 150 0
55 150 0
60 150 0
65 150 0
70 150 0
75 150 0
80 150 0
0 155 0
5 155 0
10 155 0
15 155 0
20 155 0.27493
25 155 0.140176
30 155 0.0455355
35 155 0
40 155 0
45 155 0
50 155 0
55 155 0
60 155 0
65 155 0
70 155 0
75 155 0
80 155 0
0 160 0
5 160 0
10 160 0
15 160 0
20 160 0.268193
25 160 0.137361
30 160 0.0411694
35 160 0
40 160 0
45 160 0
50 160 0
55 160 0
60 160 0
65 160 0
70 160 0
75 160 0
80 160 0
0 165 0
5 165 0
10 165 0
15 165 0
20 165 0.266361
25 165 0.136074
30 165 0.0399782
35 165 0
40 165 0
45 165 0
50 165 0
55 165 0
60 165 0
65 165 0
70 165 0
75 165 0
80 165 0
0 170 0
5 170 0
10 170 0
15 170 0
20 170 0.268704
25 170 0.131193
30 170 0.0422688
35 170 0
40 170 0
45 170 0
50 170 0
55 170 0
60 170 0
65 170 0
70 170 0
75 170 0
80 170 0
0 175 0
5 175 0
10 175 0
15 175 0
20 175 0.272191
25 175 0.132126
30 175 0.0429994
35 175 0
40 175 0
45 175 0
50 175 0
55 175 0
60 175 0
65 175 0
70 175 0
75 175 0
80 175 0
0 180 0
5 180 0
10 180 0
15 180 0
20 180 0.272841
25 180 0.138773
30 180 0.0477443
35 180 0
40 180 0
45 180 0
50 180 0
55 180 0
60 180 0
65 180 0
70 180 0
75 180 0
80 180 0
0 185 0
5 185 0
10 185 0
15 185 0
20 185 0.278919
25 185 0.143865
30 185 0.0239215
35 185 0
40 185 0
45 185 0
50 185 0
55 185 0
60 185 0
65 185 0
70 185 0
75 185 0
80 185 0
0 190 0
5 190 0
10 190 0
15 190 0
20 190 0.260553
25 190 0.116724
30 190 0.024594
35 190 0
40 190 0
45 190 0
50 190 0
55 190 0
60 190 0
65 190 0
70 190 0
75 190 0
80 190 0
0 195 0
5 195 0
10 195 0
15 195 0
20 195 0.261794
25 195 0.12404
30 195 0.0285598
35 195 0
40 195 0
45 195 0
50 195 0
55 195 0
60 195 0
65 195 0
70 195 0
75 195 0
80 195 0
0 200 0
5 200 0
10 200 0
15 200 0
20 200 0.262671
25 200 0.147908
30 200 0.034669
35 200 0
40 200 0
45 200 0
50 200 0
55 200 0
60 200 0
65 200 0
70 200 0
75 200 0
80 200 0
0 205 0
5 205 0
10 205 0
15 205 0
20 205 0.262749
25 205 0.171325
30 205 0.049187
35 205 0
40 205 0
45 205 0
50 205 0
55 205 0
60 205 0
65 205 0
70 205 0
75 205 0
80 205 0
0 210 0
5 210 0
10 210 0
15 210 0
20 210 0.266892
25 210 0.191949
30 210 0.0703215
35 210 0
40 210 0
45 210 0
50 210 0
55 210 0
60 210 0
65 210 0
70 210 0
75 210 0
80 210 0
0 215 0
5 215 0
10 215 0
15 215 0
20 215 0.275732
25 215 0.208889
30 215 0.098537
35 215 0.0176539
40 215 0
45 215 0
50 215 0
55 215 0
60 215 0
65 215 0
70 215 0
75 215 0
80 215 0
0 220 0
5 220 0
10 220 0
15 220 0
20 220 0.293002
25 220 0.227872
30 220 0.137398
35 220 0.0419457
40 220 0
45 220 0
50 220 0
55 220 0
60 220 0
65 220 0
70 220 0
75 220 0
80 220 0
0 225 0
5 225 0
10 225 0
15 225 0
20 225 0.308392
25 225 0.246542
30 225 0.174689
35 225 0.0817553
40 225 0.0105853
45 225 0
50 225 0
55 225 0
60 225 0
65 225 0
70 225 0
75 225 0
80 225 0
0 230 0
5 230 0
10 230 0
15 230 0
20 230 0.326326
25 230 0.268682
30 230 0.205395
35 230 0.129945
40 230 0.0444709
45 230 0.00680131
50 230 0
55 230 0
60 230 0
65 230 0
70 230 0
75 230 0
80 230 0
0 235 0
5 235 0
10 235 0
15 235 0
20 235 0
25 235 0.298447
30 235 0.238422
35 235 0.168917
40 235 0.100934
45 235 0.0488423
50 235 0.0233646
55 235 0.00900249
60 235 0
65 235 0
70 235 0
75 235 0
80 235 0
0 240 0
5 240 0
10 240 0
15 240 0
20 240 0
25 240 0.320262
30 240 0.276476
35 240 0.222502
40 240 0.170986
45 240 0.123854
50 240 0.0848411
55 240 0.0623225
60 240 0.0464939
65 240 0.0438309
70 240 0.00950909
75 240 0
80 240 0
0 245 0
5 245 0
10 245 0
15 245 0
20 245 0
25 245 0.335051
30 245 0.297979
35 245 0.25647
40 245 0.228558
45 245 0.207117
50 245 0.166926
55 245 0.13946
60 245 0.115868
65 245 0.109371
70 245 0.0807904
75 245 0.0423343
80 245 0.0394123
0 250 0
5 250 0
10 250 0
15 250 0
20 250 0
25 250 0.354834
30 250 0.328063
35 250 0.29283
40 250 0.265157
45 250 0.273397
50 250 0.266968
55 250 0.274211
60 250 0.249961
65 250 0.233391
70 250 0.214978
75 250 0.178685
80 250 0.166114
0 255 0
5 255 0
10 255 0
15 255 0
20 255 0
25 255 0.383177
30 255 0.356973
35 255 0.332869
40 255 0.322626
45 255 0.33512
50 255 0.361755
55 255 0.400916
60 255 0.390301
65 255 0.400933
70 255 0.411386
75 255 0.41365
80 255 0.431704
0 260 0
5 260 0
10 260 0
15 260 0
20 260 0
25 260 0.405415
30 260 0.385502
35 260 0.37219
40 260 0.349891
45 260 0.359796
50 260 0.409933
55 260 0.464482
60 260 0.533614
65 260 0.610349
70 260 0.671639
75 260 0.683517
80 260 0.743517
0 265 0
5 265 0
10 265 0
15 265 0
20 265 0
25 265 0.419962
30 265 0.397408
35 265 0.381881
40 265 0.367933
45 265 0.381321
50 265 0.4173
55 265 0.458449
60 265 0.522875
65 265 0.611839
70 265 0.67667
75 265 0.744015
80 265 0.939111
0 270 0
5 270 0
10 270 0
15 270 0
20 270 0
25 270 0.424544
30 270 0.39896
35 270 0.401476
40 270 0.394378
45 270 0.431722
50 270 0.464539
55 270 0.492053
60 270 0.526292
65 270 0.59026
70 270 0.641201
75 270 0.79482
80 270 0.813575
0 275 0
5 275 0
10 275 0
15 275 0
20 275 0
25 275 0.43554
30 275 0.419623
35 275 0.417862
40 275 0.424042
45 275 0.480761
50 275 0.493026
55 275 0.537347
60 275 0.619004
65 275 0.687376
70 275 0.766302
75 275 0.924975
80 275 1.05449
0 280 0
5 280 0
10 280 0
15 280 0
20 280 0
25 280 0.44411
30 280 0.436701
35 280 0.441841
40 280 0.438925
45 280 0.477623
50 280 0.490938
55 280 0.534508
60 280 0.591507
65 280 0.663153
70 280 0.768594
75 280 0.9034
80 280 0.95015
0 285 0
5 285 0
10 285 0
15 285 0
20 285 0
25 285 0.458622
30 285 0.459121
35 285 0.449996
40 285 0.440183
45 285 0.455392
50 285 0.51027
55 285 0.554362
60 285 0.600346
65 285 0.668786
70 285 0.791838
75 285 0.914969
80 285 0.860038
0 290 0
5 290 0
10 290 0
15 290 0
20 290 0
25 290 0.467791
30 290 0.467929
35 290 0.448112
40 290 0.433274
45 290 0.459446
50 290 0.490034
55 290 0.499935
60 290 0.558744
65 290 0.60828
70 290 0.661832
75 290 0.688735
80 290 0.750875
0 295 0
5 295 0
10 295 0
15 295 0
20 295 0
25 295 0.469473
30 295 0.462285
35 295 0.463097
40 295 0.42949
45 295 0.446463
50 295 0.451935
55 295 0.475777
60 295 0.493967
65 295 0.51577
70 295 0.551165
75 295 0.582963
80 295 0.65768
0 300 0
5 300 0
10 300 0
15 300 0
20 300 0
25 300 0.470611
30 300 0.470732
35 300 0.464307
40 300 0.421648
45 300 0.410217
50 300 0.42855
55 300 0.456159
60 300 0.453078
65 300 0.476418
70 300 0.510365
75 300 0.509694
80 300 0.44815
0 305 0
5 305 0
10 305 0
15 305 0
20 305 0
25 305 0.473728
30 305 0.485112
35 305 0.445543
40 305 0.416731
45 305 0.402113
50 305 0.413421
55 305 0.413196
60 305 0.430656
65 305 0.429101
70 305 0.450538
75 305 0.356205
80 305 0.276916
0 310 0
5 310 0
10 310 0
15 310 0
20 310 0
25 310 0.489059
30 310 0.475896
35 310 0.431825
40 310 0.417333
45 310 0.39058
50 310 0.386301
55 310 0.373719
60 310 0.378302
65 310 0.350296
70 310 0.298449
75 310 0.220681
80 310 0.172416
0 315 0
5 315 0
10 315 0
15 315 0
20 315 0
25 315 0.499488
30 315 0.46683
35 315 0.437319
40 315 0.39632
45 315 0.371555
50 315 0.353759
55 315 0.321991
60 315 0.294054
65 315 0.259855
70 315 0.19439
75 315 0.1439
80 315 0.130914
0 320 0
5 320 0
10 320 0
15 320 0
20 320 0.507806
25 320 0.507013
30 320 0.459668
35 320 0.431734
40 320 0.370748
45 320 0.33676
50 320 0.297625
55 320 0.287557
60 320 0.248335
65 320 0.1938
70 320 0.146876
75 320 0.105799
80 320 0.1021
0 325 0
5 325 0
10 325 0
15 325 0
20 325 0.511756
25 325 0.518189
30 325 0.450386
35 325 0.424409
40 325 0.355668
45 325 0.30582
50 325 0.2611
55 325 0.241375
60 325 0.186888
65 325 0.146293
70 325 0.109337
75 325 0.0813431
80 325 0.0789023
0 330 0
5 330 0
10 330 0
15 330 0
20 330 0.51296
25 330 0.518992
30 330 0.456347
35 330 0.416539
40 330 0.344928
45 330 0.270644
50 330 0.232231
55 330 0.199078
60 330 0.156399
65 330 0.108407
70 330 0.0806042
75 330 0.054286
80 330 0.0555204
0 335 0
5 335 0
10 335 0
15 335 0
20 335 0.516709
25 335 0.512511
30 335 0.461769
35 335 0.409805
40 335 0.335303
45 335 0.251912
50 335 0.211868
55 335 0.171829
60 335 0.120337
65 335 0.11121
70 335 0.0647942
75 335 0.0352771
80 335 0.041529
0 340 0
5 340 0
10 340 0
15 340 0
20 340 0.521169
25 340 0.503507
30 340 0.462089
35 340 0.405097
40 340 0.32949
45 340 0.237764
50 340 0.199689
55 340 0.147966
60 340 0.107781
65 340 0.0902663
70 340 0.0458439
75 340 0.0211371
80 340 0.0249702
0 345 0
5 345 0
10 345 0
15 345 0
20 345 0.531648
25 345 0.50579
30 345 0.462192
35 345 0.397689
40 345 0.318116
45 345 0.236975
50 345 0.189926
55 345 0.13708
60 345 0.0996995
65 345 0.070026
70 345 0.0257056
75 345 0.0106503
80 345 0.0155584
0 350 0
5 350 0
10 350 0
15 350 0
20 350 0.539547
25 350 0.509192
30 350 0.461508
35 350 0.394896
40 350 0.309776
45 350 0.227843
50 350 0.179801
55 350 0.127303
60 350 0.0920617
65 350 0.0547478
70 350 0.017002
75 350 0.000541613
80 350 0.0103349
0 355 0
5 355 0
10 355 0
15 355 0
20 355 0.542814
25 355 0.511368
30 355 0.453601
35 355 0.390047
40 355 0.298895
45 355 0.220362
50 355 0.176273
55 355 0.118423
60 355 0.0905467
65 355 0.0486553
70 355 0.0106733
75 355 0
80 355 0.00616567
